inst/extdata/ibe-ibr-demo/single_surface/Results/ffp.asc
ncols        358
nrows        426
xllcorner    683282.509631976951
yllcorner    4992832.770215390250
cellsize     30.000000000000
NODATA_value nan
[rows 234 to 251 of 426, columns 126 to 167 of 358]
78.05724334716796875 78.05724334716796875 78.05724334716796875 81.1428375244140625 84.313751220703125 87.5723419189453125 87.5723419189453125 87.5723419189453125 90.92102813720703125 90.92102813720703125 95.4931488037109375 97.8987274169921875 97.8987274169921875 99.55529022216796875 99.9157257080078125 97.8987274169921875 97.8987274169921875 97.8987274169921875 97.8987274169921875 97.8987274169921875 97.8987274169921875 97.8987274169921875 94.3623046875 90.94379425048828125 94.0431976318359375 87.5811004638671875 87.5723419189453125 87.5723419189453125 87.5723419189453125 87.5723419189453125 84.313751220703125 84.36946868896484375 84.313751220703125 84.313751220703125 82.4351348876953125 81.1428375244140625 81.1428375244140625 81.1428375244140625 81.1428375244140625 81.1428375244140625 78.05724334716796875 78.05724334716796875
78.05724334716796875 78.05724334716796875 78.583740234375 81.3873138427734375 85.33965301513671875 87.5723419189453125 87.5723419189453125 89.85945892333984375 90.92102813720703125 93.3482208251953125 95.12940216064453125 97.8987274169921875 97.8987274169921875 98.4219818115234375 97.8987274169921875 97.8987274169921875 97.82257843017578125 97.37029266357421875 94.3623046875 93.33921051025390625 94.3623046875 94.3623046875 92.57940673828125 92.60308074951171875 90.92102813720703125 90.41091156005859375 87.5723419189453125 87.5723419189453125 87.5723419189453125 84.313751220703125 84.313751220703125 84.313751220703125 84.313751220703125 83.30640411376953125 81.1428375244140625 81.1428375244140625 81.1428375244140625 81.1428375244140625 81.1428375244140625 81.1428375244140625 79.43033599853515625 78.05724334716796875
78.05724334716796875 78.05724334716796875 81.1428375244140625 82.83838653564453125 87.5723419189453125 87.5723419189453125 87.5723419189453125 89.5117645263671875 90.92102813720703125 92.9905853271484375 97.8987274169921875 97.8987274169921875 97.8987274169921875 97.8987274169921875 97.8987274169921875 97.8987274169921875 94.3623046875 92.17060089111328125 90.92102813720703125 90.92102813720703125 90.92102813720703125 90.92102813720703125 90.9234161376953125 91.17293548583984375 93.8485260009765625 87.5723419189453125 87.5723419189453125 87.5723419189453125 87.5723419189453125 84.313751220703125 84.313751220703125 84.313751220703125 84.313751220703125 84.313751220703125 81.1428375244140625 81.1428375244140625 81.1428375244140625 81.1428375244140625 81.1428375244140625 81.1428375244140625 79.19915008544921875 78.05724334716796875
78.05724334716796875 78.05724334716796875 81.1428375244140625 82.51068878173828125 84.313751220703125 87.5723419189453125 87.5723419189453125 89.1650543212890625 90.95464324951171875 92.6339569091796875 97.8987274169921875 97.8987274169921875 97.8987274169921875 97.8987274169921875 97.8987274169921875 94.3623046875 90.92102813720703125 91.16095733642578125 91.7894744873046875 90.0196533203125 89.77256011962890625 89.5259246826171875 89.2797393798828125 89.0340118408203125 87.5723419189453125 87.5723419189453125 87.5723419189453125 87.5723419189453125 86.87659454345703125 84.313751220703125 83.3839111328125 83.8389434814453125 84.313751220703125 83.5890045166015625 81.1428375244140625 81.1428375244140625 81.1428375244140625 81.1428375244140625 81.1428375244140625 81.1428375244140625 78.05724334716796875 78.05724334716796875
78.05724334716796875 78.05724334716796875 81.1428375244140625 83.4140625 87.0528717041015625 87.5723419189453125 87.5723419189453125 90.6514892578125 90.94182586669921875 94.3623046875 97.8987274169921875 97.8987274169921875 97.8987274169921875 97.8987274169921875 94.3623046875 90.92102813720703125 92.695709228515625 92.26650238037109375 88.636871337890625 87.5723419189453125 87.5723419189453125 87.5723419189453125 87.5723419189453125 87.5723419189453125 87.5723419189453125 87.5723419189453125 87.5723419189453125 87.5723419189453125 84.313751220703125 84.313751220703125 81.1428375244140625 81.1428375244140625 81.1428375244140625 81.1428375244140625 81.1428375244140625 81.1428375244140625 78.05724334716796875 78.05724334716796875 81.1428375244140625 80.44858551025390625 78.05724334716796875 78.05724334716796875
78.05724334716796875 78.05724334716796875 81.1428375244140625 81.8580780029296875 86.71326446533203125 87.5723419189453125 87.5723419189453125 90.627410888671875 90.92102813720703125 94.3623046875 97.8987274169921875 97.8987274169921875 97.8987274169921875 96.93387603759765625 92.254974365234375 92.0826263427734375 90.86652374267578125 87.5723419189453125 87.5723419189453125 87.5723419189453125 87.5723419189453125 87.5723419189453125 87.5723419189453125 87.5723419189453125 87.5723419189453125 87.5723419189453125 87.5723419189453125 84.313751220703125 84.313751220703125 81.1428375244140625 81.1428375244140625 81.1428375244140625 81.1428375244140625 81.1428375244140625 81.1428375244140625 78.05724334716796875 78.05724334716796875 78.05724334716796875 78.05724334716796875 78.05724334716796875 78.05724334716796875 78.05724334716796875
78.05724334716796875 81.1428375244140625 81.1428375244140625 84.313751220703125 87.5723419189453125 87.5723419189453125 87.5723419189453125 87.65887451171875 92.0130615234375 91.57013702392578125 97.8987274169921875 97.8987274169921875 97.8987274169921875 94.3623046875 90.92102813720703125 92.364532470703125 87.5723419189453125 87.5723419189453125 87.5723419189453125 87.5723419189453125 87.5723419189453125 87.5723419189453125 87.5723419189453125 87.5723419189453125 87.5723419189453125 87.5723419189453125 84.313751220703125 84.313751220703125 81.1428375244140625 81.1428375244140625 81.1428375244140625 81.1428375244140625 81.1428375244140625 81.1428375244140625 78.5860137939453125 78.05724334716796875 78.05724334716796875 78.05724334716796875 78.05724334716796875 78.05724334716796875 78.05724334716796875 78.05724334716796875
78.05724334716796875 81.1428375244140625 82.74977874755859375 87.5723419189453125 87.5723419189453125 87.5723419189453125 87.5723419189453125 92.1246185302734375 90.92102813720703125 94.50765228271484375 97.8987274169921875 97.8987274169921875 97.8987274169921875 94.3623046875 90.92102813720703125 90.44486236572265625 87.5723419189453125 87.5723419189453125 87.5723419189453125 87.5723419189453125 87.5723419189453125 87.5723419189453125 87.5723419189453125 87.5723419189453125 87.5723419189453125 85.143035888671875 84.313751220703125 83.58473968505859375 81.1428375244140625 81.1428375244140625 78.05724334716796875 78.05724334716796875 78.05724334716796875 78.05724334716796875 78.05724334716796875 78.05724334716796875 78.05724334716796875 78.05724334716796875 78.05724334716796875 78.05724334716796875 78.05724334716796875 78.05724334716796875
81.1428375244140625 81.1428375244140625 84.313751220703125 87.5723419189453125 87.5723419189453125 87.5723419189453125 88.684661865234375 91.65094757080078125 92.5363006591796875 97.711334228515625 97.8987274169921875 97.8987274169921875 97.8987274169921875 94.26569366455078125 90.92102813720703125 90.7525482177734375 87.5723419189453125 87.5723419189453125 87.5723419189453125 87.5723419189453125 85.0554046630859375 84.313751220703125 84.313751220703125 84.34514617919921875 84.313751220703125 84.313751220703125 84.313751220703125 83.732421875 81.1428375244140625 81.1428375244140625 78.05724334716796875 78.05724334716796875 78.05724334716796875 78.05724334716796875 78.05724334716796875 78.05724334716796875 78.05724334716796875 78.05724334716796875 78.05724334716796875 78.05724334716796875 78.05724334716796875 76.41521453857421875
81.1428375244140625 84.2227935791015625 87.42693328857421875 87.5723419189453125 87.5723419189453125 87.5723419189453125 92.10581207275390625 90.92102813720703125 94.3623046875 97.8987274169921875 97.8987274169921875 97.8987274169921875 97.8987274169921875 94.3623046875 90.92102813720703125 90.92102813720703125 87.5723419189453125 87.5723419189453125 87.5723419189453125 84.3402252197265625 84.313751220703125 84.313751220703125 84.313751220703125 84.313751220703125 84.313751220703125 84.313751220703125 82.09576416015625 81.1428375244140625 81.1428375244140625 81.1428375244140625 79.23822021484375 78.05724334716796875 78.05724334716796875 78.05724334716796875 78.05724334716796875 78.05724334716796875 78.05724334716796875 78.05724334716796875 78.05724334716796875 78.05724334716796875 78.05724334716796875 75.05466461181640625
82.01079559326171875 84.313751220703125 87.5723419189453125 87.5723419189453125 87.5723419189453125 87.5723419189453125 93.010498046875 90.92102813720703125 94.3623046875 97.8987274169921875 97.8987274169921875 97.8987274169921875 97.8987274169921875 94.3623046875 90.92102813720703125 92.539093017578125 87.5723419189453125 87.5723419189453125 87.5723419189453125 84.313751220703125 84.313751220703125 81.7216033935546875 81.4910430908203125 81.2609100341796875 84.313751220703125 84.313751220703125 81.1428375244140625 81.1428375244140625 81.1428375244140625 81.1428375244140625 81.1428375244140625 81.1428375244140625 80.522491455078125 78.05724334716796875 78.05724334716796875 78.05724334716796875 78.05724334716796875 78.05724334716796875 78.05724334716796875 78.05724334716796875 78.05724334716796875 75.05466461181640625
84.313751220703125 87.5723419189453125 87.5723419189453125 87.5723419189453125 87.5723419189453125 89.829925537109375 90.92102813720703125 90.92102813720703125 94.3623046875 97.8987274169921875 97.8987274169921875 97.8987274169921875 97.8987274169921875 94.3623046875 90.92102813720703125 94.3623046875 87.5723419189453125 87.5723419189453125 87.5723419189453125 84.313751220703125 81.1428375244140625 81.1428375244140625 81.1428375244140625 81.1428375244140625 84.313751220703125 84.313751220703125 81.1428375244140625 81.1428375244140625 81.1428375244140625 78.6894073486328125 81.1428375244140625 81.1428375244140625 81.1428375244140625 78.2178955078125 78.05724334716796875 78.05724334716796875 78.05724334716796875 78.05724334716796875 78.05724334716796875 78.05724334716796875 78.05724334716796875 75.05466461181640625
87.50167083740234375 87.5723419189453125 87.5723419189453125 87.5723419189453125 89.3969268798828125 92.02339935302734375 90.92102813720703125 92.79531097412109375 94.533966064453125 97.8987274169921875 97.8987274169921875 97.8987274169921875 97.8987274169921875 94.3623046875 90.92102813720703125 92.164947509765625 87.5723419189453125 87.5723419189453125 87.5723419189453125 84.313751220703125 82.96651458740234375 81.1428375244140625 81.1428375244140625 81.1428375244140625 81.1428375244140625 84.313751220703125 81.1428375244140625 81.1428375244140625 81.1428375244140625 78.29953765869140625 78.05724334716796875 79.52129364013671875 79.29477691650390625 78.05724334716796875 78.05724334716796875 78.05724334716796875 78.05724334716796875 78.05724334716796875 78.05724334716796875 78.05724334716796875 78.05724334716796875 75.29601287841796875
87.5723419189453125 87.5723419189453125 87.5723419189453125 90.8276824951171875 91.21240234375 90.92102813720703125 90.92102813720703125 94.3623046875 97.79032135009765625 97.8987274169921875 97.8987274169921875 97.8987274169921875 97.8987274169921875 94.3623046875 90.92102813720703125 89.42583465576171875 87.5723419189453125 87.5723419189453125 87.35951995849609375 84.313751220703125 81.1428375244140625 81.1428375244140625 81.1428375244140625 81.1428375244140625 81.1428375244140625 83.6604766845703125 81.1428375244140625 81.1428375244140625 81.1428375244140625 81.1428375244140625 78.05724334716796875 78.05724334716796875 78.05724334716796875 78.05724334716796875 78.05724334716796875 78.05724334716796875 78.05724334716796875 78.05724334716796875 78.05724334716796875 78.05724334716796875 78.05724334716796875 78.05724334716796875
87.5723419189453125 87.5723419189453125 88.79045867919921875 92.263214111328125 90.92102813720703125 92.92803192138671875 94.3623046875 96.94498443603515625 97.8987274169921875 97.8987274169921875 97.8987274169921875 97.8987274169921875 97.8987274169921875 92.952178955078125 90.92102813720703125 89.47580718994140625 87.5723419189453125 87.5723419189453125 84.439605712890625 81.78453826904296875 81.1428375244140625 81.1428375244140625 81.1428375244140625 81.1428375244140625 81.1428375244140625 81.1428375244140625 81.1428375244140625 81.1428375244140625 81.1428375244140625 81.1428375244140625 79.67130279541015625 78.05724334716796875 78.05724334716796875 78.05724334716796875 78.05724334716796875 78.05724334716796875 78.05724334716796875 78.05724334716796875 78.05724334716796875 78.05724334716796875 78.05724334716796875 78.05724334716796875
87.5723419189453125 90.303924560546875 91.42118072509765625 90.92102813720703125 94.36162567138671875 94.4169769287109375 97.064910888671875 97.8987274169921875 97.8987274169921875 97.8987274169921875 97.8987274169921875 97.8987274169921875 97.8987274169921875 93.30986785888671875 90.92102813720703125 89.8237762451171875 87.5723419189453125 87.5723419189453125 84.84368133544921875 83.13643646240234375 81.1428375244140625 81.1428375244140625 81.1428375244140625 81.1428375244140625 81.1428375244140625 81.1428375244140625 81.1428375244140625 81.1428375244140625 81.1428375244140625 81.1428375244140625 78.05724334716796875 78.05724334716796875 78.05724334716796875 77.67067718505859375 77.44781494140625 78.05724334716796875 78.05724334716796875 78.05724334716796875 78.05724334716796875 78.05724334716796875 78.05724334716796875 78.05724334716796875
90.0782928466796875 90.92102813720703125 92.90545654296875 94.3623046875 97.165985107421875 97.8987274169921875 97.8987274169921875 97.8987274169921875 97.8987274169921875 97.8987274169921875 97.8987274169921875 97.2644195556640625 94.3623046875 94.3623046875 90.92102813720703125 93.03108978271484375 87.5723419189453125 87.5723419189453125 87.5723419189453125 84.313751220703125 81.1428375244140625 81.1428375244140625 81.1428375244140625 81.1428375244140625 81.1428375244140625 81.1428375244140625 81.1428375244140625 81.1428375244140625 81.1428375244140625 81.1428375244140625 78.1963958740234375 78.05724334716796875 78.05724334716796875 75.05466461181640625 75.05466461181640625 75.36582183837890625 78.05724334716796875 78.05724334716796875 78.05724334716796875 78.05724334716796875 78.05724334716796875 78.05724334716796875
92.183135986328125 93.41045379638671875 94.3623046875 97.8987274169921875 97.8987274169921875 97.8987274169921875 97.8987274169921875 97.8987274169921875 97.8987274169921875 97.83516693115234375 94.3623046875 92.6845855712890625 92.43251800537109375 92.18091583251953125 90.92102813720703125 91.32067108154296875 88.80615997314453125 87.5723419189453125 87.5723419189453125 84.313751220703125 81.1428375244140625 81.1428375244140625 81.1428375244140625 81.1428375244140625 81.1428375244140625 81.1428375244140625 81.1428375244140625 81.1428375244140625 81.1428375244140625 81.1428375244140625 81.1428375244140625 78.05724334716796875 78.05724334716796875 75.05466461181640625 75.05466461181640625 75.05466461181640625 77.90605926513671875 78.05724334716796875 78.05724334716796875 78.05724334716796875 78.05724334716796875 78.05724334716796875
