inst/extdata/ibe-ibr-demo/single_surface/Results/ffp.asc
ncols        358
nrows        426
xllcorner    683282.509631976951
yllcorner    4992832.770215390250
cellsize     30.000000000000
NODATA_value nan
[rows 126 to 143 of 426, columns 42 to 83 of 358]
85.25112152099609375 90.25579833984375 90.92102813720703125 90.92102813720703125 90.92102813720703125 90.92102813720703125 90.92102813720703125 90.92102813720703125 87.5723419189453125 87.5723419189453125 84.313751220703125 84.313751220703125 84.313751220703125 81.1428375244140625 79.67322540283203125 78.05724334716796875 78.05724334716796875 78.05724334716796875 78.05724334716796875 78.05724334716796875 78.05724334716796875 78.05724334716796875 78.05724334716796875 81.1428375244140625 81.1428375244140625 83.25171661376953125 85.731658935546875 87.211822509765625 87.39270782470703125 87.5723419189453125 87.5723419189453125 87.5723419189453125 87.5723419189453125 88.15119171142578125 90.92102813720703125 90.92102813720703125 90.92102813720703125 87.5723419189453125 87.5723419189453125 85.1257781982421875 84.313751220703125 81.1428375244140625
87.5723419189453125 87.5723419189453125 90.92102813720703125 90.92102813720703125 90.92102813720703125 90.92102813720703125 90.92102813720703125 90.92102813720703125 89.64394378662109375 87.5723419189453125 84.38980865478515625 84.3657684326171875 84.313751220703125 81.1428375244140625 81.1428375244140625 79.2373199462890625 80.47267913818359375 78.05724334716796875 78.05724334716796875 78.05724334716796875 80.35729217529296875 81.12123870849609375 81.1428375244140625 81.1428375244140625 81.20243072509765625 84.31855010986328125 86.16009521484375 87.5723419189453125 85.87326812744140625 87.44293212890625 85.84561920166015625 87.5723419189453125 87.5723419189453125 87.5723419189453125 87.5723419189453125 90.92102813720703125 90.92102813720703125 87.5723419189453125 87.5723419189453125 84.313751220703125 82.05941009521484375 81.1428375244140625
87.5723419189453125 87.5723419189453125 87.5723419189453125 89.64833831787109375 90.92102813720703125 90.92102813720703125 90.92102813720703125 90.92102813720703125 90.92102813720703125 87.5723419189453125 87.2087860107421875 87.5723419189453125 84.313751220703125 81.1428375244140625 81.1428375244140625 81.1428375244140625 81.1428375244140625 81.1428375244140625 81.1428375244140625 81.1428375244140625 81.1428375244140625 81.1428375244140625 81.1428375244140625 81.1428375244140625 84.313751220703125 87.5723419189453125 87.5723419189453125 87.5723419189453125 87.5723419189453125 87.5723419189453125 87.5723419189453125 87.5723419189453125 85.9363861083984375 87.5723419189453125 87.5723419189453125 87.5723419189453125 90.32321929931640625 87.5723419189453125 86.5416107177734375 84.313751220703125 82.38387298583984375 81.1428375244140625
84.313751220703125 87.5723419189453125 87.5723419189453125 87.5723419189453125 87.5723419189453125 88.7871551513671875 90.92102813720703125 90.92102813720703125 90.92102813720703125 87.5723419189453125 87.5723419189453125 87.5723419189453125 84.313751220703125 81.3742828369140625 81.1428375244140625 81.1428375244140625 81.1428375244140625 81.1428375244140625 81.1428375244140625 82.6326141357421875 83.41751861572265625 81.747802734375 81.1428375244140625 84.270172119140625 87.548675537109375 87.5723419189453125 87.5723419189453125 87.15058135986328125 87.22818756103515625 84.313751220703125 84.313751220703125 87.3776092529296875 87.5723419189453125 85.49375152587890625 87.5723419189453125 87.5723419189453125 87.5723419189453125 87.5723419189453125 86.007781982421875 84.66419219970703125 82.7092437744140625 81.1428375244140625
87.5723419189453125 84.313751220703125 87.29813385009765625 87.5723419189453125 87.5723419189453125 87.5723419189453125 87.5723419189453125 87.5723419189453125 87.5723419189453125 87.5723419189453125 87.5723419189453125 87.5723419189453125 84.313751220703125 82.55721282958984375 81.1428375244140625 81.1428375244140625 84.04503631591796875 84.313751220703125 84.313751220703125 84.58405303955078125 84.313751220703125 84.313751220703125 84.313751220703125 86.02150726318359375 87.5723419189453125 87.5723419189453125 87.31330108642578125 87.5723419189453125 84.313751220703125 84.313751220703125 84.313751220703125 84.313751220703125 87.3185882568359375 87.5723419189453125 85.84362030029296875 87.5723419189453125 87.5723419189453125 87.5723419189453125 87.5723419189453125 87.5723419189453125 83.03553009033203125 81.1428375244140625
84.313751220703125 86.529571533203125 87.5723419189453125 85.8069000244140625 85.5665130615234375 86.267242431640625 87.5723419189453125 87.5723419189453125 87.5723419189453125 87.5723419189453125 87.5723419189453125 85.69964599609375 84.33718109130859375 84.313751220703125 84.313751220703125 84.313751220703125 84.313751220703125 85.84991455078125 87.5723419189453125 85.54236602783203125 87.5723419189453125 87.14432525634765625 85.0129852294921875 87.5723419189453125 87.5723419189453125 87.5723419189453125 87.5723419189453125 85.27103424072265625 84.313751220703125 84.313751220703125 84.313751220703125 84.313751220703125 84.313751220703125 85.144500732421875 87.5723419189453125 85.5069732666015625 87.5723419189453125 87.5723419189453125 87.5723419189453125 87.5723419189453125 83.3627166748046875 81.1428375244140625
84.313751220703125 84.313751220703125 84.313751220703125 84.4820556640625 87.506378173828125 87.5723419189453125 84.844024658203125 85.53553009033203125 86.5550384521484375 87.5723419189453125 87.5723419189453125 87.5723419189453125 87.24254608154296875 86.490966796875 86.72826385498046875 86.966064453125 87.5723419189453125 84.4395599365234375 87.5723419189453125 87.5723419189453125 87.5723419189453125 87.5723419189453125 87.5723419189453125 90.2843170166015625 87.5723419189453125 85.93218231201171875 87.5443572998046875 84.313751220703125 84.313751220703125 82.84682464599609375 81.16252899169921875 81.21673583984375 84.17067718505859375 84.313751220703125 84.61711883544921875 87.5723419189453125 86.614471435546875 87.5723419189453125 87.28595733642578125 85.34222412109375 83.690826416015625 81.1428375244140625
83.618499755859375 84.313751220703125 84.313751220703125 84.313751220703125 84.313751220703125 84.313751220703125 85.441986083984375 87.5723419189453125 86.898193359375 84.313751220703125 84.313751220703125 87.5402069091796875 87.5723419189453125 87.5723419189453125 87.5723419189453125 87.5723419189453125 87.5723419189453125 87.5723419189453125 88.96685791015625 89.543304443359375 87.93731689453125 90.03095245361328125 90.83028411865234375 89.66255950927734375 87.5723419189453125 87.5723419189453125 84.313751220703125 84.313751220703125 81.29166412353515625 81.1428375244140625 81.1428375244140625 81.1428375244140625 81.1428375244140625 82.37650299072265625 84.313751220703125 84.73307037353515625 87.54926300048828125 87.5723419189453125 87.48302459716796875 84.313751220703125 81.1428375244140625 81.1428375244140625
81.1428375244140625 81.1428375244140625 81.1428375244140625 81.393890380859375 82.80950927734375 84.313751220703125 84.313751220703125 84.313751220703125 84.313751220703125 86.409393310546875 87.5723419189453125 84.50016021728515625 87.5723419189453125 87.5723419189453125 90.2912750244140625 90.20389556884765625 90.44860076904296875 90.6938323974609375 90.92102813720703125 90.92102813720703125 90.92102813720703125 90.92102813720703125 90.92102813720703125 87.5723419189453125 86.43843841552734375 86.59889984130859375 84.313751220703125 82.217193603515625 81.1428375244140625 81.1428375244140625 81.1428375244140625 81.1428375244140625 81.1428375244140625 81.1428375244140625 81.1428375244140625 84.313751220703125 86.40594482421875 86.66025543212890625 87.5723419189453125 84.313751220703125 81.1428375244140625 81.1428375244140625
81.1428375244140625 81.1428375244140625 81.1428375244140625 81.1428375244140625 81.1428375244140625 81.1428375244140625 82.32871246337890625 84.313751220703125 84.313751220703125 84.313751220703125 84.4550628662109375 87.5285186767578125 87.48321533203125 87.5723419189453125 87.5723419189453125 90.92102813720703125 90.92102813720703125 90.92102813720703125 90.92102813720703125 90.92102813720703125 90.92102813720703125 90.92102813720703125 90.92102813720703125 87.5723419189453125 86.43477630615234375 84.313751220703125 84.15129852294921875 81.1428375244140625 81.1428375244140625 80.9215240478515625 78.05724334716796875 78.05724334716796875 79.23846435546875 81.1428375244140625 81.1428375244140625 82.74372100830078125 84.313751220703125 85.71074676513671875 84.92138671875 83.1202392578125 81.1428375244140625 79.60240936279296875
78.05724334716796875 78.82867431640625 78.60739898681640625 81.1428375244140625 81.1428375244140625 81.1428375244140625 81.1428375244140625 81.1428375244140625 82.0156402587890625 84.313751220703125 84.313751220703125 87.43404388427734375 84.313751220703125 87.5723419189453125 87.5723419189453125 88.3368988037109375 90.92102813720703125 90.92102813720703125 90.92102813720703125 90.92102813720703125 90.92102813720703125 90.92102813720703125 88.66028594970703125 87.5723419189453125 87.5723419189453125 84.313751220703125 81.1428375244140625 81.1428375244140625 78.39299774169921875 78.05724334716796875 78.05724334716796875 78.05724334716796875 78.05724334716796875 78.05724334716796875 81.0157012939453125 81.1428375244140625 82.79438018798828125 84.313751220703125 84.313751220703125 81.1428375244140625 81.1428375244140625 78.05724334716796875
78.05724334716796875 78.05724334716796875 78.05724334716796875 78.05724334716796875 78.05724334716796875 79.519683837890625 81.1428375244140625 81.1428375244140625 81.1428375244140625 81.604278564453125 84.313751220703125 84.42633819580078125 86.545440673828125 87.51683807373046875 87.5723419189453125 87.5723419189453125 90.92102813720703125 90.92102813720703125 90.92102813720703125 90.92102813720703125 90.92102813720703125 90.92102813720703125 87.5723419189453125 87.5723419189453125 86.16893768310546875 84.313751220703125 81.1428375244140625 81.09905242919921875 78.05724334716796875 78.05724334716796875 78.05724334716796875 78.05724334716796875 78.05724334716796875 78.05724334716796875 78.05724334716796875 81.1428375244140625 81.1428375244140625 81.63637542724609375 82.4026947021484375 81.1428375244140625 78.05724334716796875 77.97878265380859375
78.05724334716796875 78.05724334716796875 78.05724334716796875 78.05724334716796875 78.05724334716796875 78.05724334716796875 78.05724334716796875 79.75830841064453125 81.1428375244140625 81.1428375244140625 84.313751220703125 84.313751220703125 87.5723419189453125 86.69060516357421875 87.5723419189453125 87.5723419189453125 90.92102813720703125 90.92102813720703125 90.92102813720703125 90.92102813720703125 90.92102813720703125 90.92102813720703125 87.5723419189453125 87.428314208984375 84.313751220703125 84.313751220703125 81.1428375244140625 78.3270416259765625 78.05724334716796875 78.05724334716796875 78.05724334716796875 78.05724334716796875 76.52663421630859375 78.05724334716796875 78.05724334716796875 78.05724334716796875 80.7645263671875 81.1428375244140625 81.1428375244140625 79.56429290771484375 78.05724334716796875 75.05466461181640625
75.05466461181640625 75.05466461181640625 75.05466461181640625 76.996429443359375 78.05724334716796875 78.05724334716796875 78.05724334716796875 78.05724334716796875 81.1428375244140625 81.1428375244140625 84.313751220703125 84.313751220703125 87.5723419189453125 84.313751220703125 87.5723419189453125 87.5723419189453125 90.92102813720703125 90.92102813720703125 90.92102813720703125 90.92102813720703125 90.92102813720703125 90.92102813720703125 87.5723419189453125 87.4110107421875 84.313751220703125 81.82248687744140625 81.1428375244140625 78.05724334716796875 78.05724334716796875 78.05724334716796875 75.05466461181640625 75.05466461181640625 75.05466461181640625 75.05466461181640625 78.05724334716796875 78.05724334716796875 78.05724334716796875 78.62281036376953125 81.1428375244140625 78.05724334716796875 76.569091796875 72.16436767578125
72.13287353515625 73.025115966796875 72.815277099609375 75.05466461181640625 75.05466461181640625 78.05724334716796875 78.05724334716796875 78.05724334716796875 81.120269775390625 81.1428375244140625 81.1428375244140625 84.313751220703125 84.360992431640625 85.84241485595703125 87.5723419189453125 87.5723419189453125 90.92102813720703125 90.92102813720703125 90.92102813720703125 90.92102813720703125 90.92102813720703125 90.62363433837890625 87.5723419189453125 87.5723419189453125 84.313751220703125 82.14544677734375 81.1428375244140625 78.05724334716796875 78.05724334716796875 76.46555328369140625 75.05466461181640625 75.05466461181640625 75.05466461181640625 75.05466461181640625 75.05466461181640625 77.0962066650390625 78.05724334716796875 78.05724334716796875 78.05724334716796875 76.8962860107421875 73.00704193115234375 72.13287353515625
72.755950927734375 72.13287353515625 72.28823089599609375 72.13287353515625 73.555908203125 75.05466461181640625 78.05724334716796875 78.05724334716796875 80.7098236083984375 81.1428375244140625 81.1428375244140625 84.313751220703125 84.313751220703125 86.1759796142578125 87.5723419189453125 87.5723419189453125 90.7971649169921875 90.92102813720703125 90.92102813720703125 90.92102813720703125 90.92102813720703125 89.14382171630859375 87.5723419189453125 87.5723419189453125 84.313751220703125 82.4693145751953125 81.1428375244140625 78.05724334716796875 78.05724334716796875 76.157989501953125 75.05466461181640625 75.05466461181640625 75.05466461181640625 75.05466461181640625 75.05466461181640625 75.05466461181640625 75.05466461181640625 75.6880950927734375 75.47176361083984375 72.98526763916015625 72.13287353515625 72.13287353515625
72.13287353515625 72.13287353515625 72.13287353515625 72.58876800537109375 72.13287353515625 75.05466461181640625 78.036712646484375 78.05724334716796875 78.05724334716796875 81.1428375244140625 81.1428375244140625 84.313751220703125 84.313751220703125 86.51047515869140625 87.5723419189453125 87.5723419189453125 90.4505615234375 90.92102813720703125 90.92102813720703125 90.92102813720703125 90.92102813720703125 89.48705291748046875 87.5723419189453125 87.5723419189453125 84.313751220703125 82.79407501220703125 81.1428375244140625 78.05724334716796875 78.05724334716796875 75.48757171630859375 75.05466461181640625 75.05466461181640625 75.05466461181640625 75.05466461181640625 74.6399078369140625 72.13287353515625 72.13287353515625 72.13287353515625 72.13287353515625 72.13287353515625 72.13287353515625 71.034820556640625
72.13287353515625 72.13287353515625 72.13287353515625 72.13287353515625 72.13287353515625 72.4752960205078125 76.94085693359375 78.05724334716796875 78.05724334716796875 81.1428375244140625 81.1428375244140625 84.313751220703125 84.313751220703125 87.5723419189453125 87.5723419189453125 87.5723419189453125 89.50467681884765625 90.92102813720703125 90.92102813720703125 90.92102813720703125 90.92102813720703125 89.83123779296875 87.5723419189453125 87.5723419189453125 84.313751220703125 83.11974334716796875 81.1428375244140625 78.05724334716796875 78.05724334716796875 76.46588134765625 75.05466461181640625 75.05466461181640625 73.9328765869140625 72.13287353515625 72.13287353515625 72.13287353515625 72.13287353515625 72.13287353515625 72.13287353515625 72.13287353515625 69.35434722900390625 69.28969573974609375
