inst/extdata/ibe-ibr-demo/single_surface/Results/ffp.asc
ncols        358
nrows        426
xllcorner    683282.509631976951
yllcorner    4992832.770215390250
cellsize     30.000000000000
NODATA_value nan
[rows 270 to 287 of 426, columns 126 to 167 of 358]
87.5723419189453125 87.5723419189453125 84.313751220703125 84.313751220703125 84.313751220703125 87.5723419189453125 87.5723419189453125 87.5723419189453125 87.5723419189453125 87.5723419189453125 87.5723419189453125 87.5723419189453125 87.5723419189453125 91.30072784423828125 92.2853240966796875 90.92102813720703125 91.2104644775390625 91.55275726318359375 90.92102813720703125 88.38953399658203125 87.5723419189453125 87.5723419189453125 87.5723419189453125 87.5723419189453125 84.313751220703125 84.313751220703125 83.86927032470703125 81.1428375244140625 81.1428375244140625 81.2663421630859375 84.313751220703125 83.484619140625 81.28223419189453125 80.43792724609375 78.05724334716796875 78.05724334716796875 78.05724334716796875 76.2113800048828125 72.35219573974609375 72.13287353515625 72.5321044921875 70.79266357421875
84.313751220703125 84.313751220703125 84.313751220703125 84.313751220703125 85.27643585205078125 87.5723419189453125 87.5723419189453125 87.5723419189453125 87.5723419189453125 87.5723419189453125 87.5723419189453125 88.26242828369140625 92.65297698974609375 90.92102813720703125 90.92102813720703125 92.7031097412109375 94.3623046875 94.3623046875 91.95346832275390625 91.807952880859375 90.4622802734375 87.5723419189453125 87.5723419189453125 87.5723419189453125 87.5723419189453125 85.06069183349609375 85.298492431640625 85.53681182861328125 85.7756500244140625 84.64093017578125 86.2548675537109375 86.4952545166015625 84.313751220703125 81.1428375244140625 81.1428375244140625 80.2668609619140625 78.05724334716796875 78.05724334716796875 75.17250823974609375 72.13287353515625 72.13287353515625 72.93685150146484375
84.313751220703125 84.313751220703125 84.313751220703125 84.313751220703125 87.5723419189453125 87.5723419189453125 87.5723419189453125 87.5723419189453125 87.5723419189453125 87.5723419189453125 90.13219451904296875 94.255645751953125 90.92102813720703125 90.92102813720703125 95.42884063720703125 94.3623046875 96.06472015380859375 97.8987274169921875 94.73664093017578125 90.93517303466796875 93.74664306640625 88.9727020263671875 87.5723419189453125 87.5723419189453125 87.5723419189453125 87.5723419189453125 87.5723419189453125 87.5723419189453125 87.5723419189453125 87.5723419189453125 87.5723419189453125 87.5723419189453125 87.5723419189453125 85.1697540283203125 82.334625244140625 81.1428375244140625 79.0880889892578125 78.05724334716796875 78.05724334716796875 74.9091644287109375 72.13287353515625 72.68868255615234375
81.1428375244140625 81.1428375244140625 84.313751220703125 84.313751220703125 87.5723419189453125 87.5723419189453125 87.5723419189453125 87.5723419189453125 87.5723419189453125 91.00074005126953125 90.92102813720703125 90.92102813720703125 91.77263641357421875 94.3623046875 94.3623046875 95.745941162109375 97.8987274169921875 97.8987274169921875 97.48708343505859375 95.0921783447265625 90.92102813720703125 93.77033233642578125 87.5723419189453125 87.5723419189453125 87.5723419189453125 87.5723419189453125 87.5723419189453125 87.5723419189453125 87.5723419189453125 87.5723419189453125 87.5723419189453125 87.5723419189453125 87.5723419189453125 87.5723419189453125 85.60509490966796875 83.9704437255859375 81.1428375244140625 78.05724334716796875 78.05724334716796875 75.68404388427734375 72.4861907958984375 72.13287353515625
81.1428375244140625 81.1428375244140625 84.313751220703125 84.313751220703125 87.5723419189453125 87.5723419189453125 87.5723419189453125 88.371795654296875 92.433990478515625 91.4587249755859375 90.92102813720703125 94.00304412841796875 94.3623046875 96.3972320556640625 97.8987274169921875 97.8987274169921875 97.8987274169921875 97.8987274169921875 97.8987274169921875 95.82221221923828125 94.3623046875 90.92102813720703125 92.670074462890625 89.65573883056640625 87.5723419189453125 87.5723419189453125 87.5723419189453125 87.5723419189453125 87.5723419189453125 87.5723419189453125 87.76084136962890625 88.004241943359375 87.5723419189453125 87.5723419189453125 87.5723419189453125 85.6865997314453125 82.85988616943359375 81.1428375244140625 78.05724334716796875 78.05724334716796875 74.74982452392578125 72.13287353515625
81.1428375244140625 81.1428375244140625 84.313751220703125 85.2351531982421875 87.5723419189453125 87.5723419189453125 87.5723419189453125 92.5260467529296875 90.92102813720703125 90.92545318603515625 94.3623046875 94.8824462890625 97.8987274169921875 97.8987274169921875 97.8987274169921875 97.8987274169921875 97.8987274169921875 99.28461456298828125 97.8987274169921875 97.8987274169921875 97.21474456787109375 94.2019500732421875 90.92102813720703125 90.92102813720703125 94.005950927734375 91.5189666748046875 90.92102813720703125 90.92102813720703125 92.98805999755859375 92.7347564697265625 92.4819183349609375 92.87014007568359375 87.5723419189453125 87.5723419189453125 87.5723419189453125 87.5723419189453125 84.313751220703125 81.16783905029296875 79.98500823974609375 78.05724334716796875 78.05724334716796875 73.33528900146484375
81.1428375244140625 81.1428375244140625 84.313751220703125 85.71404266357421875 87.5723419189453125 87.5723419189453125 87.5723419189453125 92.81744384765625 92.27532958984375 94.3623046875 96.3363800048828125 97.8987274169921875 97.8987274169921875 97.8987274169921875 97.8987274169921875 97.8987274169921875 101.5280609130859375 98.1666412353515625 98.1146392822265625 97.8987274169921875 97.8987274169921875 97.8987274169921875 94.3623046875 93.33046722412109375 94.72733306884765625 90.92102813720703125 90.92102813720703125 90.92102813720703125 93.95166015625 97.58055877685546875 93.73714447021484375 90.92102813720703125 93.7721099853515625 87.8065338134765625 87.5723419189453125 87.5723419189453125 87.1402130126953125 83.207763671875 81.1428375244140625 78.52399444580078125 78.05724334716796875 77.66422271728515625
81.1428375244140625 81.1428375244140625 84.313751220703125 87.5723419189453125 87.5723419189453125 87.5723419189453125 91.35280609130859375 90.92102813720703125 94.3623046875 97.84017181396484375 97.8987274169921875 97.8987274169921875 97.8987274169921875 97.8987274169921875 100.18475341796875 99.391387939453125 101.53293609619140625 101.53293609619140625 100.14898681640625 97.8987274169921875 97.8987274169921875 97.8987274169921875 97.8987274169921875 97.8987274169921875 94.3623046875 94.3623046875 94.3623046875 94.3623046875 94.3623046875 94.3623046875 94.3623046875 94.35162353515625 91.03809356689453125 93.7987213134765625 87.5723419189453125 87.5723419189453125 87.5723419189453125 85.494842529296875 81.41338348388671875 81.1428375244140625 78.05724334716796875 78.05724334716796875
81.1428375244140625 81.6958160400390625 84.313751220703125 87.5723419189453125 87.5723419189453125 88.29449462890625 90.92102813720703125 92.55332183837890625 94.3623046875 97.8987274169921875 97.8987274169921875 97.8987274169921875 97.8987274169921875 100.0703277587890625 101.41268157958984375 101.53293609619140625 101.53293609619140625 100.22286224365234375 98.36316680908203125 97.8987274169921875 97.8987274169921875 97.8987274169921875 97.8987274169921875 95.4318084716796875 94.3623046875 95.638458251953125 92.0737762451171875 92.41901397705078125 91.91529083251953125 94.3623046875 94.3585052490234375 90.92102813720703125 90.92102813720703125 90.92102813720703125 90.87577056884765625 87.5723419189453125 87.5723419189453125 87.5723419189453125 84.313751220703125 81.1428375244140625 78.05724334716796875 78.05724334716796875
81.1428375244140625 84.313751220703125 87.5723419189453125 87.5723419189453125 87.5723419189453125 91.310699462890625 90.92102813720703125 94.3623046875 97.4448699951171875 97.8987274169921875 97.8987274169921875 97.8987274169921875 101.34159088134765625 101.53293609619140625 101.53293609619140625 101.53293609619140625 100.3052215576171875 99.17951202392578125 97.8987274169921875 97.8987274169921875 97.8987274169921875 97.8987274169921875 94.3623046875 94.3623046875 94.2006072998046875 90.92102813720703125 90.92102813720703125 90.92102813720703125 90.92102813720703125 90.92102813720703125 90.92102813720703125 90.92102813720703125 90.92102813720703125 90.92102813720703125 94.3623046875 87.5723419189453125 87.5723419189453125 87.5723419189453125 84.324310302734375 81.39159393310546875 81.1428375244140625 78.96242523193359375
81.1428375244140625 84.313751220703125 87.5723419189453125 87.5723419189453125 87.5723419189453125 93.8426971435546875 91.29834747314453125 94.3623046875 97.8987274169921875 97.8987274169921875 97.8987274169921875 99.94846343994140625 101.53293609619140625 101.53293609619140625 101.53293609619140625 101.53293609619140625 100.1591796875 97.8987274169921875 97.8987274169921875 97.8987274169921875 97.32927703857421875 94.3623046875 93.44120025634765625 90.92102813720703125 90.92102813720703125 91.37073516845703125 94.05902099609375 91.76329803466796875 91.51250457763671875 91.26216888427734375 91.01229095458984375 90.76287841796875 90.51392364501953125 90.2654266357421875 90.01739501953125 87.5723419189453125 87.5723419189453125 87.5723419189453125 84.78873443603515625 83.8888092041015625 81.1428375244140625 81.1428375244140625
81.43257904052734375 84.313751220703125 87.5723419189453125 87.5723419189453125 87.5723419189453125 91.23404693603515625 91.349395751953125 94.3623046875 97.8987274169921875 97.8987274169921875 97.8987274169921875 101.19052886962890625 101.02455902099609375 101.53293609619140625 101.53293609619140625 101.51799774169921875 99.6247711181640625 97.8987274169921875 97.8987274169921875 97.77582550048828125 94.3623046875 94.20987701416015625 90.92102813720703125 90.92102813720703125 94.29804229736328125 93.6441650390625 87.5723419189453125 87.5723419189453125 87.5723419189453125 87.5723419189453125 87.5723419189453125 87.5723419189453125 87.5723419189453125 87.5723419189453125 87.5723419189453125 87.5723419189453125 87.5723419189453125 87.5723419189453125 85.12451934814453125 84.313751220703125 81.1428375244140625 81.1428375244140625
83.70488739013671875 86.79268646240234375 87.5723419189453125 87.5723419189453125 87.5723419189453125 91.81854248046875 90.92102813720703125 94.3623046875 97.8987274169921875 97.8987274169921875 97.8987274169921875 97.8987274169921875 99.252532958984375 99.14864349365234375 101.53293609619140625 98.2296600341796875 97.8987274169921875 97.8987274169921875 97.8987274169921875 94.3623046875 92.37767791748046875 90.92102813720703125 93.20235443115234375 90.93975830078125 88.39257049560546875 87.5723419189453125 87.5723419189453125 87.5723419189453125 87.5723419189453125 87.5723419189453125 87.5723419189453125 87.5723419189453125 87.5723419189453125 87.5723419189453125 87.5723419189453125 87.5723419189453125 87.5723419189453125 86.0628204345703125 84.313751220703125 82.3786468505859375 81.1428375244140625 81.1428375244140625
84.313751220703125 87.2302093505859375 87.5723419189453125 87.5723419189453125 87.5723419189453125 91.88236236572265625 90.92102813720703125 91.54967498779296875 94.51033782958984375 97.8987274169921875 97.8987274169921875 97.8987274169921875 97.8987274169921875 100.73836517333984375 101.53293609619140625 100.55809783935546875 97.8987274169921875 97.8987274169921875 97.23929595947265625 94.3623046875 90.92102813720703125 93.20630645751953125 90.92102813720703125 87.5723419189453125 87.5723419189453125 87.5723419189453125 87.5723419189453125 87.5723419189453125 87.5723419189453125 87.5723419189453125 87.5723419189453125 85.916717529296875 85.0220184326171875 84.313751220703125 84.313751220703125 84.96240234375 84.313751220703125 84.313751220703125 81.1428375244140625 81.1428375244140625 81.1428375244140625 81.1428375244140625
81.28784942626953125 84.68824005126953125 87.5723419189453125 87.5723419189453125 87.5723419189453125 87.5723419189453125 91.23091888427734375 90.92102813720703125 94.3623046875 94.3623046875 94.3623046875 97.2620086669921875 97.8987274169921875 97.8987274169921875 100.58917999267578125 98.09600830078125 97.8987274169921875 97.8987274169921875 94.3623046875 91.70362091064453125 91.0777130126953125 91.52216339111328125 87.5723419189453125 87.5723419189453125 87.5723419189453125 87.5723419189453125 87.5723419189453125 87.5723419189453125 85.05457305908203125 84.3918304443359375 84.313751220703125 84.313751220703125 81.1428375244140625 81.1428375244140625 81.1428375244140625 81.1428375244140625 81.1428375244140625 81.1428375244140625 81.1428375244140625 81.1428375244140625 81.1428375244140625 81.1428375244140625
81.1428375244140625 84.313751220703125 86.34372711181640625 87.5723419189453125 87.5723419189453125 87.5723419189453125 87.58814239501953125 92.10552215576171875 90.92102813720703125 90.92102813720703125 94.3623046875 94.3623046875 97.8987274169921875 97.8987274169921875 97.8987274169921875 97.8987274169921875 97.8987274169921875 96.90830230712890625 94.3623046875 90.92102813720703125 93.38282012939453125 90.92102813720703125 87.5723419189453125 87.5723419189453125 87.5723419189453125 87.5723419189453125 87.5723419189453125 84.313751220703125 84.313751220703125 81.68738555908203125 81.1428375244140625 81.1428375244140625 80.67635345458984375 79.2084197998046875 81.1428375244140625 81.1428375244140625 81.1428375244140625 78.3074188232421875 81.1428375244140625 81.1428375244140625 81.1428375244140625 78.3844146728515625
81.1428375244140625 81.40252685546875 84.313751220703125 87.5723419189453125 87.5723419189453125 87.5723419189453125 87.5723419189453125 90.23657989501953125 89.9896392822265625 93.384002685546875 90.92102813720703125 94.3623046875 97.8987274169921875 97.8987274169921875 97.8987274169921875 97.8987274169921875 97.8987274169921875 94.47261810302734375 94.276885986328125 90.92102813720703125 94.3623046875 91.69858551025390625 90.92102813720703125 88.817840576171875 87.5723419189453125 87.5723419189453125 87.5723419189453125 85.55239105224609375 84.313751220703125 81.1428375244140625 81.1428375244140625 79.17964935302734375 78.05724334716796875 78.05724334716796875 78.05724334716796875 78.05724334716796875 78.05724334716796875 78.05724334716796875 78.05724334716796875 80.694488525390625 79.20552825927734375 78.05724334716796875
79.9198455810546875 81.1428375244140625 82.75888824462890625 84.313751220703125 87.5723419189453125 87.5723419189453125 87.5723419189453125 87.5723419189453125 87.5723419189453125 92.04216766357421875 90.92102813720703125 94.3623046875 97.87131500244140625 97.8987274169921875 97.8987274169921875 97.8987274169921875 97.8987274169921875 95.23059844970703125 94.3623046875 90.92102813720703125 90.92102813720703125 91.8943939208984375 91.64359283447265625 94.13385772705078125 90.69908905029296875 87.5723419189453125 87.5723419189453125 87.5723419189453125 84.313751220703125 83.12270355224609375 81.1428375244140625 79.42359161376953125 78.05724334716796875 78.05724334716796875 78.05724334716796875 78.05724334716796875 78.05724334716796875 78.05724334716796875 78.05724334716796875 78.05724334716796875 78.05724334716796875 78.05724334716796875
