inst/extdata/ibe-ibr-demo/single_surface/Results/ffp.asc
ncols        358
nrows        426
xllcorner    683282.509631976951
yllcorner    4992832.770215390250
cellsize     30.000000000000
NODATA_value nan
[rows 72 to 89 of 426, columns 210 to 251 of 358]
101.927215576171875 101.53293609619140625 102.08667755126953125 101.28600311279296875 97.8987274169921875 97.8987274169921875 96.98451995849609375 95.85445404052734375 92.72589874267578125 90.92102813720703125 93.391876220703125 91.9598236083984375 87.5723419189453125 87.5723419189453125 87.5723419189453125 87.5723419189453125 87.5723419189453125 87.5723419189453125 87.5723419189453125 87.5723419189453125 87.5723419189453125 87.5723419189453125 87.5723419189453125 87.5723419189453125 87.5723419189453125 87.5723419189453125 87.5723419189453125 87.5723419189453125 87.5723419189453125 87.5723419189453125 87.5723419189453125 87.5723419189453125 87.5723419189453125 87.5723419189453125 93.77978515625 92.57513427734375 93.7763671875 89.6924285888671875 87.5723419189453125 87.5723419189453125 87.5723419189453125 87.5723419189453125
101.53293609619140625 101.53293609619140625 103.252960205078125 97.8987274169921875 97.8987274169921875 94.74178314208984375 94.7350311279296875 90.92102813720703125 94.235260009765625 94.176361083984375 87.5723419189453125 87.5723419189453125 87.5723419189453125 87.5723419189453125 87.5723419189453125 87.5723419189453125 87.5723419189453125 87.5723419189453125 87.5723419189453125 87.5723419189453125 87.5723419189453125 87.5723419189453125 87.5723419189453125 87.5723419189453125 87.5723419189453125 87.5723419189453125 87.5723419189453125 87.5723419189453125 87.5723419189453125 87.5723419189453125 87.5723419189453125 87.5723419189453125 87.5723419189453125 87.5723419189453125 87.5723419189453125 87.57241058349609375 87.5723419189453125 87.5723419189453125 87.5723419189453125 87.5723419189453125 87.5723419189453125 86.19860076904296875
104.432708740234375 104.979461669921875 101.53293609619140625 97.8987274169921875 97.8987274169921875 97.5150604248046875 90.92102813720703125 93.703399658203125 89.37454986572265625 87.5723419189453125 87.5723419189453125 87.5723419189453125 87.5723419189453125 87.5723419189453125 87.5723419189453125 87.5723419189453125 87.5723419189453125 87.5723419189453125 87.5723419189453125 87.5723419189453125 87.3614501953125 86.220184326171875 85.9770355224609375 85.734344482421875 85.4921112060546875 85.25032806396484375 84.313751220703125 84.313751220703125 84.52770233154296875 84.313751220703125 85.27801513671875 87.05377197265625 87.5723419189453125 87.5723419189453125 87.5723419189453125 87.5723419189453125 87.5723419189453125 87.5723419189453125 87.5723419189453125 85.23155975341796875 84.313751220703125 84.313751220703125
100.53336334228515625 100.03180694580078125 97.8987274169921875 97.8987274169921875 97.8987274169921875 93.6726531982421875 94.28112030029296875 87.85540771484375 87.5723419189453125 87.5723419189453125 87.5723419189453125 87.5723419189453125 87.5723419189453125 86.5792236328125 87.5723419189453125 87.5723419189453125 87.5723419189453125 85.60768890380859375 84.313751220703125 84.313751220703125 84.313751220703125 84.313751220703125 84.313751220703125 84.313751220703125 83.92493438720703125 83.68634033203125 81.52203369140625 83.21048736572265625 82.97322845458984375 82.736419677734375 84.313751220703125 84.313751220703125 85.80081939697265625 87.5723419189453125 87.5723419189453125 87.5723419189453125 87.51773834228515625 84.313751220703125 84.313751220703125 84.313751220703125 83.30440521240234375 81.1428375244140625
97.8987274169921875 97.8987274169921875 97.8987274169921875 97.8987274169921875 96.825225830078125 92.33696746826171875 90.73198699951171875 87.5723419189453125 87.5723419189453125 87.5723419189453125 87.5723419189453125 85.06270599365234375 84.313751220703125 84.313751220703125 87.5723419189453125 87.5723419189453125 87.5723419189453125 84.313751220703125 84.313751220703125 83.5623016357421875 83.3246307373046875 81.1428375244140625 81.1428375244140625 81.1428375244140625 81.1428375244140625 81.1428375244140625 81.1428375244140625 81.1428375244140625 81.1428375244140625 81.1428375244140625 81.1428375244140625 82.8672027587890625 84.313751220703125 86.656005859375 86.4115142822265625 84.313751220703125 84.313751220703125 84.313751220703125 82.23699188232421875 81.1428375244140625 81.1428375244140625 78.43521881103515625
97.8987274169921875 97.8987274169921875 96.27437591552734375 95.9275054931640625 90.92102813720703125 93.9607086181640625 87.5723419189453125 87.5723419189453125 87.5723419189453125 87.5723419189453125 87.4491119384765625 84.313751220703125 84.313751220703125 84.55916595458984375 87.5723419189453125 87.5723419189453125 84.606170654296875 83.70374298095703125 81.31293487548828125 81.1428375244140625 81.1428375244140625 81.1428375244140625 81.1428375244140625 81.1428375244140625 80.85221099853515625 78.05724334716796875 78.05724334716796875 78.05724334716796875 78.05724334716796875 78.05724334716796875 79.48017120361328125 81.1428375244140625 84.313751220703125 84.313751220703125 84.313751220703125 84.313751220703125 81.179168701171875 81.1428375244140625 80.71269989013671875 78.05724334716796875 78.05724334716796875 78.05724334716796875
97.15997314453125 91.82309722900390625 91.2125244140625 94.3623046875 94.04706573486328125 87.5723419189453125 87.5723419189453125 87.5723419189453125 87.5723419189453125 85.84648895263671875 84.313751220703125 84.313751220703125 84.313751220703125 84.8724822998046875 87.5723419189453125 87.5723419189453125 84.313751220703125 81.1428375244140625 81.1428375244140625 81.1428375244140625 81.1428375244140625 81.1428375244140625 79.80599212646484375 78.05724334716796875 78.05724334716796875 78.05724334716796875 78.05724334716796875 78.05724334716796875 78.05724334716796875 78.05724334716796875 78.05724334716796875 80.95885467529296875 81.1428375244140625 81.1428375244140625 81.1428375244140625 81.1428375244140625 79.66880035400390625 78.05724334716796875 78.05724334716796875 78.05724334716796875 78.05724334716796875 78.05724334716796875
90.92102813720703125 92.12701416015625 94.3623046875 92.62261199951171875 87.5723419189453125 87.5723419189453125 87.5723419189453125 87.5723419189453125 84.5166473388671875 84.313751220703125 84.313751220703125 84.313751220703125 84.313751220703125 84.313751220703125 87.5723419189453125 86.0876617431640625 84.313751220703125 81.1428375244140625 79.9202880859375 78.997589111328125 78.76918792724609375 78.05724334716796875 78.05724334716796875 78.05724334716796875 78.05724334716796875 78.05724334716796875 78.05724334716796875 78.05724334716796875 78.05724334716796875 78.05724334716796875 78.05724334716796875 78.05724334716796875 80.78223419189453125 78.8629150390625 78.63428497314453125 78.05724334716796875 78.05724334716796875 78.05724334716796875 78.05724334716796875 78.05724334716796875 78.05724334716796875 78.05724334716796875
93.77973175048828125 91.46700286865234375 87.85744476318359375 87.5723419189453125 87.5723419189453125 87.5723419189453125 87.5723419189453125 84.5855255126953125 84.313751220703125 84.313751220703125 84.313751220703125 84.313751220703125 84.313751220703125 84.313751220703125 85.8557281494140625 84.313751220703125 84.313751220703125 81.1428375244140625 78.05724334716796875 78.05724334716796875 78.05724334716796875 78.05724334716796875 78.05724334716796875 78.05724334716796875 78.05724334716796875 78.05724334716796875 75.94701385498046875 75.62218475341796875 75.05466461181640625 78.05724334716796875 78.05724334716796875 78.05724334716796875 78.05724334716796875 78.05724334716796875 78.05724334716796875 78.05724334716796875 78.05724334716796875 78.05724334716796875 78.05724334716796875 78.05724334716796875 77.66790771484375 78.05724334716796875
92.85993194580078125 87.5723419189453125 87.5723419189453125 87.5723419189453125 87.5723419189453125 87.5723419189453125 85.03360748291015625 84.313751220703125 84.313751220703125 84.313751220703125 84.313751220703125 84.313751220703125 84.313751220703125 84.313751220703125 84.313751220703125 84.313751220703125 81.1428375244140625 81.1428375244140625 78.05724334716796875 78.05724334716796875 78.05724334716796875 78.05724334716796875 78.05724334716796875 75.18646240234375 75.05466461181640625 75.05466461181640625 75.05466461181640625 74.1837615966796875 73.212615966796875 75.05466461181640625 78.05724334716796875 78.05724334716796875 78.05724334716796875 78.05724334716796875 78.05724334716796875 78.05724334716796875 78.05724334716796875 75.05466461181640625 75.05466461181640625 75.05466461181640625 75.05466461181640625 75.05466461181640625
87.5723419189453125 87.5723419189453125 87.5723419189453125 87.5723419189453125 87.04192352294921875 84.313751220703125 84.313751220703125 84.313751220703125 84.313751220703125 84.313751220703125 84.313751220703125 84.313751220703125 84.313751220703125 84.313751220703125 84.313751220703125 81.6056365966796875 81.1428375244140625 78.05724334716796875 78.05724334716796875 78.05724334716796875 78.05724334716796875 77.150421142578125 75.05466461181640625 75.05466461181640625 75.05466461181640625 75.05466461181640625 72.13287353515625 72.13287353515625 72.13287353515625 74.97138214111328125 75.05466461181640625 75.05466461181640625 77.6944122314453125 75.05466461181640625 75.05466461181640625 75.05466461181640625 73.823577880859375 73.60511016845703125 73.3870391845703125 73.1693878173828125 72.95214080810546875 75.05466461181640625
87.5723419189453125 87.5723419189453125 87.5723419189453125 87.5723419189453125 84.313751220703125 84.313751220703125 84.313751220703125 84.313751220703125 84.313751220703125 84.313751220703125 84.313751220703125 84.313751220703125 84.313751220703125 84.313751220703125 81.1428375244140625 81.1428375244140625 78.05724334716796875 78.05724334716796875 78.05724334716796875 76.1378173828125 75.05466461181640625 75.05466461181640625 75.05466461181640625 75.05466461181640625 72.13287353515625 72.13287353515625 72.13287353515625 72.13287353515625 72.13287353515625 72.13287353515625 74.21582794189453125 75.05466461181640625 75.05466461181640625 73.0592803955078125 72.53643798828125 72.13287353515625 72.13287353515625 72.13287353515625 72.13287353515625 72.13287353515625 72.13287353515625 72.13287353515625
87.5723419189453125 87.5723419189453125 87.5723419189453125 84.313751220703125 84.313751220703125 84.313751220703125 84.313751220703125 84.313751220703125 84.313751220703125 84.313751220703125 84.313751220703125 84.313751220703125 84.313751220703125 84.313751220703125 83.3785858154296875 79.3757781982421875 78.05724334716796875 78.05724334716796875 75.05466461181640625 75.05466461181640625 74.15116119384765625 72.13287353515625 72.13287353515625 72.13287353515625 72.13287353515625 72.13287353515625 72.13287353515625 72.13287353515625 73.8739013671875 72.13287353515625 72.13287353515625 72.13287353515625 72.13287353515625 72.13287353515625 72.13287353515625 72.13287353515625 72.13287353515625 72.13287353515625 72.13287353515625 72.13287353515625 72.13287353515625 72.13287353515625
87.5723419189453125 87.5723419189453125 84.313751220703125 84.313751220703125 84.313751220703125 84.313751220703125 84.313751220703125 84.313751220703125 84.313751220703125 84.313751220703125 84.313751220703125 84.313751220703125 87.342681884765625 84.313751220703125 84.313751220703125 81.1428375244140625 78.05724334716796875 76.57262420654296875 75.047576904296875 72.13287353515625 72.13287353515625 72.13287353515625 72.13287353515625 72.13287353515625 72.13287353515625 72.13287353515625 72.13287353515625 74.17537689208984375 75.05466461181640625 72.4875640869140625 72.13287353515625 72.13287353515625 72.13287353515625 73.4675750732421875 74.42414093017578125 75.05466461181640625 75.05466461181640625 75.05466461181640625 74.9800872802734375 75.05466461181640625 74.3238983154296875 72.26708984375
87.5723419189453125 87.14717864990234375 84.313751220703125 84.313751220703125 84.313751220703125 84.313751220703125 84.313751220703125 84.313751220703125 84.313751220703125 84.313751220703125 84.313751220703125 84.8037872314453125 87.5723419189453125 87.18604278564453125 86.6564788818359375 83.1656036376953125 78.10753631591796875 76.88909912109375 75.05466461181640625 72.13287353515625 72.13287353515625 72.13287353515625 72.13287353515625 72.13287353515625 72.13287353515625 72.13287353515625 72.14463043212890625 75.05466461181640625 75.05466461181640625 75.05466461181640625 72.13287353515625 72.13287353515625 72.5508270263671875 74.8099212646484375 72.13287353515625 72.13287353515625 71.9862518310546875 70.88250732421875 70.66999053955078125 71.59552001953125 73.48983001708984375 75.05466461181640625
87.5723419189453125 84.313751220703125 84.313751220703125 84.313751220703125 84.313751220703125 84.313751220703125 84.313751220703125 84.313751220703125 84.313751220703125 84.313751220703125 84.313751220703125 87.5723419189453125 87.5723419189453125 87.5723419189453125 85.15137481689453125 81.1428375244140625 78.05724334716796875 77.20648193359375 75.05466461181640625 72.13287353515625 72.13287353515625 72.13287353515625 72.13287353515625 72.13287353515625 72.13287353515625 72.13287353515625 75.05466461181640625 75.05466461181640625 75.05466461181640625 75.05466461181640625 75.05466461181640625 75.05466461181640625 75.05466461181640625 72.13287353515625 69.28969573974609375 69.28969573974609375 69.28969573974609375 69.28969573974609375 69.28969573974609375 69.28969573974609375 69.28969573974609375 71.497283935546875
84.93196868896484375 84.313751220703125 84.313751220703125 84.313751220703125 84.313751220703125 84.313751220703125 84.313751220703125 84.313751220703125 84.313751220703125 84.313751220703125 86.7403106689453125 87.5723419189453125 87.5723419189453125 87.5723419189453125 85.49233245849609375 81.1428375244140625 78.05724334716796875 77.52477264404296875 75.0369873046875 72.13287353515625 72.13287353515625 72.13287353515625 72.13287353515625 72.13287353515625 73.10898590087890625 75.05466461181640625 75.05466461181640625 75.05466461181640625 75.05466461181640625 75.05466461181640625 75.05466461181640625 75.05466461181640625 72.0445556640625 69.28969573974609375 69.28969573974609375 69.28969573974609375 69.28969573974609375 69.28969573974609375 69.28969573974609375 69.28969573974609375 69.28969573974609375 69.28969573974609375
84.313751220703125 84.313751220703125 84.313751220703125 84.313751220703125 84.313751220703125 84.313751220703125 84.313751220703125 84.313751220703125 84.313751220703125 84.313751220703125 87.5723419189453125 87.5723419189453125 87.5723419189453125 87.5723419189453125 85.8342742919921875 81.1428375244140625 78.05724334716796875 78.05724334716796875 75.05466461181640625 72.13287353515625 72.13287353515625 72.13287353515625 72.13287353515625 72.50183868408203125 75.05466461181640625 75.05466461181640625 75.05466461181640625 75.05466461181640625 75.05466461181640625 75.05466461181640625 75.05466461181640625 72.13287353515625 69.5982666015625 69.28969573974609375 69.28969573974609375 69.28969573974609375 69.28969573974609375 69.28969573974609375 69.28969573974609375 69.28969573974609375 69.28969573974609375 69.28969573974609375
