inst/extdata/vignette-results/Results/categorical.continuous.asc
ncols        50
nrows        50
xllcorner    0.000000000000
yllcorner    0.000000000000
cellsize     0.500000000000
NODATA_value nan
[rows 18 to 35 of 50, columns 0 to 41 of 50]
168.6355743408203125 72.7185821533203125 161.5072784423828125 119.228485107421875 73.029022216796875 114.03868865966796875 148.743133544921875 147.98773193359375 125.45554351806640625 124.01705169677734375 84.56156158447265625 155.8272247314453125 98.84796142578125 91.43331146240234375 118.00250244140625 65.07501220703125 100.35091400146484375 136.88092041015625 133.7991485595703125 187.212371826171875 126.94301605224609375 146.7711181640625 185.2885284423828125 124.83498382568359375 81.78621673583984375 79.8705596923828125 120.795501708984375 119.8191680908203125 43.963497161865234375 106.8126983642578125 150.084381103515625 103.05910491943359375 117.0859222412109375 111.78012847900390625 107.42034149169921875 75.70122528076171875 120.6960601806640625 135.8777313232421875 117.79129791259765625 92.21042633056640625 64.66567230224609375 145.331573486328125
93.26346588134765625 128.305999755859375 69.2244720458984375 103.074676513671875 73.83837890625 99.7688446044921875 114.40899658203125 205.4126129150390625 114.813140869140625 102.34931182861328125 128.17852783203125 174.0527496337890625 101.254150390625 67.7169647216796875 140.8973236083984375 76.03041839599609375 95.3823089599609375 128.70074462890625 111.550323486328125 247.45501708984375 182.590301513671875 128.695465087890625 193.3254547119140625 104.81252288818359375 76.434844970703125 41.7527923583984375 65.7222137451171875 78.3500213623046875 89.42528533935546875 85.6030120849609375 176.21710205078125 135.0648193359375 115.01251220703125 88.711944580078125 13.554742813110351563 56.293651580810546875 161.6773834228515625 143.3270416259765625 89.0240478515625 74.20771026611328125 45.067333221435546875 37.47595977783203125
120.3472900390625 89.5733642578125 191.58624267578125 135.4204864501953125 163.2358856201171875 78.74604034423828125 121.6475372314453125 158.166290283203125 101.9246826171875 121.23480224609375 91.2331085205078125 251.803985595703125 133.6711883544921875 148.7021026611328125 163.9828643798828125 93.4659881591796875 143.4516754150390625 84.51557159423828125 102.1241302490234375 127.91857147216796875 111.930511474609375 203.9188385009765625 212.34423828125 100.286407470703125 78.30229949951171875 85.3987579345703125 96.80405426025390625 108.0220947265625 150.1923980712890625 138.4910430908203125 105.3115386962890625 87.72992706298828125 127.6668548583984375 70.2440338134765625 19.571376800537109375 53.571807861328125 132.6665496826171875 82.39472198486328125 95.176422119140625 86.2877044677734375 60.446689605712890625 61.196575164794921875
145.9531402587890625 157.171966552734375 159.43682861328125 136.3809814453125 190.8718414306640625 170.090911865234375 141.1437835693359375 151.2523345947265625 122.34046173095703125 111.2779388427734375 98.50362396240234375 97.46433258056640625 95.957305908203125 220.760955810546875 191.6595916748046875 112.9052886962890625 110.91033935546875 86.2587890625 100.848419189453125 144.459197998046875 108.90837860107421875 217.2924957275390625 153.6640625 123.65692901611328125 163.842376708984375 36.551025390625 69.0644989013671875 87.0711822509765625 156.2208251953125 33.79775238037109375 77.76016998291015625 164.5613555908203125 119.62609100341796875 134.3602294921875 96.732696533203125 108.96622467041015625 51.682353973388671875 39.51132965087890625 20.52880096435546875 47.05612945556640625 47.83510589599609375 112.99774932861328125
141.8003692626953125 127.64241790771484375 92.6150970458984375 85.47190093994140625 158.7960968017578125 127.73969268798828125 143.6064605712890625 97.25699615478515625 147.409393310546875 131.83636474609375 153.64056396484375 175.062164306640625 101.70275115966796875 161.3152313232421875 173.720703125 164.2955780029296875 203.008453369140625 137.8461761474609375 84.14366912841796875 110.95543670654296875 93.61898040771484375 95.85124969482421875 141.87677001953125 104.62928009033203125 56.18524932861328125 51.573299407958984375 41.535919189453125 80.44123077392578125 101.2012786865234375 113.7069549560546875 114.6730804443359375 238.1868438720703125 203.9710693359375 135.1189422607421875 209.5526275634765625 250.8132171630859375 73.1099090576171875 84.98606109619140625 63.3277587890625 63.8218994140625 50.292659759521484375 67.96157073974609375
189.0938720703125 168.1181488037109375 78.09786224365234375 117.0760040283203125 175.234527587890625 189.7532501220703125 183.6738433837890625 23.457815170288085938 115.01885223388671875 187.95050048828125 143.004302978515625 159.1871185302734375 121.54270172119140625 97.81073760986328125 121.49639129638671875 85.4355316162109375 102.3694000244140625 124.05199432373046875 90.2502288818359375 75.41729736328125 143.5303497314453125 63.149646759033203125 223.3716583251953125 127.96759033203125 42.49634552001953125 41.837825775146484375 67.11224365234375 61.51834869384765625 104.59696197509765625 145.5739898681640625 214.90869140625 149.2999725341796875 222.7653656005859375 172.227569580078125 265.0777587890625 181.5324859619140625 181.64263916015625 242.1716461181640625 169.5865631103515625 97.13207244873046875 87.3345794677734375 46.987941741943359375
236.5721435546875 192.154022216796875 115.6904754638671875 75.3662872314453125 174.6253662109375 238.3245086669921875 72.9110565185546875 60.481349945068359375 74.34381866455078125 188.141571044921875 170.28265380859375 115.38153839111328125 142.8246307373046875 115.29441070556640625 129.66815185546875 112.87693023681640625 41.973461151123046875 47.06352996826171875 48.278697967529296875 49.04663848876953125 56.863468170166015625 139.35406494140625 280.862762451171875 212.87054443359375 183.83856201171875 133.478607177734375 48.2783660888671875 161.8324127197265625 121.0442657470703125 143.6510467529296875 138.212249755859375 183.5633087158203125 225.666168212890625 213.3768157958984375 239.72344970703125 197.868896484375 110.902923583984375 195.0838775634765625 230.1488494873046875 93.6486053466796875 103.98213958740234375 62.52730560302734375
263.00738525390625 277.360443115234375 167.806793212890625 125.20061492919921875 119.42610931396484375 144.543487548828125 192.0450286865234375 132.386444091796875 124.89886474609375 85.9993438720703125 155.8856353759765625 106.85945892333984375 142.544158935546875 187.93890380859375 155.369903564453125 105.372589111328125 48.26219940185546875 41.896099090576171875 59.49041748046875 108.43064117431640625 76.869415283203125 38.96059417724609375 111.530487060546875 136.145172119140625 190.2008819580078125 139.6716156005859375 87.8941802978515625 105.07381439208984375 81.05449676513671875 160.59466552734375 208.2182464599609375 295.9830322265625 348.007110595703125 263.532012939453125 247.238433837890625 217.296539306640625 144.542724609375 140.72930908203125 239.099456787109375 263.99163818359375 134.19085693359375 184.2742919921875
226.461029052734375 242.2552337646484375 151.2670745849609375 159.27386474609375 129.68109130859375 176.977752685546875 181.5079498291015625 187.2641143798828125 142.551177978515625 113.06961822509765625 112.786651611328125 133.1149444580078125 112.093017578125 193.3786468505859375 126.53786468505859375 66.18172454833984375 118.49887847900390625 43.753143310546875 87.4281463623046875 144.90484619140625 157.7661590576171875 118.79036712646484375 139.259124755859375 214.4002532958984375 172.4048309326171875 171.0254974365234375 76.9066009521484375 93.08650970458984375 98.90650177001953125 140.8968353271484375 235.04718017578125 212.7848052978515625 273.963836669921875 432.83038330078125 344.993988037109375 185.6350555419921875 203.3764495849609375 119.20479583740234375 163.37615966796875 318.502655029296875 321.7340087890625 263.85345458984375
296.21160888671875 336.890228271484375 227.9722442626953125 138.816650390625 183.7845458984375 200.5915069580078125 184.7692108154296875 164.0528106689453125 155.5926055908203125 154.75140380859375 154.646514892578125 91.23046875 118.29178619384765625 150.7469482421875 75.85039520263671875 127.6268768310546875 80.10500335693359375 134.087860107421875 177.55609130859375 181.6642303466796875 151.3261566162109375 145.324310302734375 159.182464599609375 189.4166107177734375 230.2944793701171875 216.5439910888671875 121.23123931884765625 145.1991424560546875 71.014373779296875 151.87872314453125 134.3501129150390625 155.7999725341796875 268.153778076171875 258.944122314453125 235.84356689453125 219.2231903076171875 175.324310302734375 163.195098876953125 187.700469970703125 282.312713623046875 160.8639984130859375 94.98213958740234375
120.743316650390625 134.9300994873046875 244.0791168212890625 189.757720947265625 214.2764739990234375 106.50508880615234375 141.86566162109375 136.138641357421875 127.76229095458984375 129.713897705078125 137.7231903076171875 59.344440460205078125 68.59880828857421875 150.4499053955078125 90.53649139404296875 136.986175537109375 85.09400177001953125 88.48928070068359375 192.4722900390625 123.34340667724609375 120.016632080078125 144.157806396484375 146.5602569580078125 184.79315185546875 330.929290771484375 163.1240234375 106.20484161376953125 185.4980316162109375 82.5776214599609375 47.81566619873046875 135.3004608154296875 134.2630767822265625 257.05615234375 159.6589202880859375 185.7649078369140625 114.30068206787109375 116.7487335205078125 107.38915252685546875 190.8241119384765625 208.27215576171875 180.83233642578125 195.03955078125
147.4902801513671875 151.555389404296875 240.8724517822265625 199.83441162109375 177.4517822265625 157.0774383544921875 155.8923187255859375 211.993011474609375 133.007659912109375 43.902240753173828125 59.418560028076171875 69.99016571044921875 70.170989990234375 104.3397674560546875 171.7858428955078125 268.338958740234375 112.59387969970703125 58.22772216796875 79.34787750244140625 80.010467529296875 162.718231201171875 137.8828582763671875 164.1074371337890625 159.2453765869140625 196.8104400634765625 174.6298065185546875 152.1087646484375 128.5590057373046875 135.88702392578125 42.110797882080078125 85.35601806640625 131.80584716796875 155.685760498046875 82.1216583251953125 73.96030426025390625 127.91829681396484375 163.750946044921875 71.97283935546875 201.9236602783203125 246.260589599609375 228.6743011474609375 151.301727294921875
104.92873382568359375 123.0538177490234375 213.9683074951171875 222.2615814208984375 123.48427581787109375 157.961456298828125 158.864349365234375 182.0296783447265625 92.28647613525390625 105.7829132080078125 91.9112701416015625 104.14606475830078125 101.5057373046875 123.83592987060546875 144.9423675537109375 221.5704345703125 160.5732879638671875 97.38771820068359375 55.6372833251953125 75.46370697021484375 78.031158447265625 174.0699005126953125 161.10736083984375 156.2040557861328125 121.67038726806640625 166.787445068359375 164.4310760498046875 207.0950927734375 161.3437347412109375 130.0637054443359375 71.3026123046875 43.37508392333984375 44.4933319091796875 73.285675048828125 94.22867584228515625 160.0450286865234375 74.9860687255859375 184.0516815185546875 212.835662841796875 162.66461181640625 223.842529296875 166.147491455078125
151.2013702392578125 215.443878173828125 245.9774017333984375 257.879608154296875 167.400482177734375 134.318817138671875 238.3463134765625 233.7489776611328125 212.22674560546875 117.642791748046875 175.286529541015625 94.6876983642578125 72.2851104736328125 141.9021453857421875 243.2393798828125 318.708282470703125 162.8865814208984375 60.676158905029296875 42.5106201171875 158.833099365234375 138.7396087646484375 171.1644134521484375 145.17962646484375 190.7849578857421875 134.060882568359375 162.471466064453125 119.393280029296875 180.3105621337890625 75.94701385498046875 135.626129150390625 39.57137298583984375 11.463567733764648438 102.4288787841796875 84.25079345703125 152.66534423828125 212.0982208251953125 162.910919189453125 142.927032470703125 216.90020751953125 101.7636260986328125 147.8695831298828125 204.2219696044921875
149.15338134765625 166.417083740234375 169.39056396484375 241.4459075927734375 160.7872314453125 183.310943603515625 200.1213836669921875 292.79931640625 207.556488037109375 170.0407867431640625 162.5566253662109375 161.2184906005859375 74.76265716552734375 160.910064697265625 175.2696075439453125 204.254119873046875 90.6634674072265625 87.81512451171875 60.72756195068359375 105.086639404296875 87.5660400390625 155.9669342041015625 192.2444610595703125 187.5642242431640625 139.421630859375 140.02105712890625 138.5749053955078125 133.48175048828125 123.6502685546875 81.80657196044921875 97.57537078857421875 59.411472320556640625 95.05976104736328125 148.5773162841796875 139.059173583984375 74.37281036376953125 109.7271728515625 103.4457244873046875 199.989776611328125 119.71993255615234375 238.608428955078125 163.7507476806640625
139.668975830078125 188.3897247314453125 180.4199676513671875 281.74658203125 242.1844329833984375 229.471954345703125 201.07696533203125 249.8049163818359375 206.0605010986328125 240.8416900634765625 204.72918701171875 138.9108734130859375 190.954071044921875 159.4769439697265625 165.0932159423828125 136.2587127685546875 88.095367431640625 82.688568115234375 83.45699310302734375 104.31073760986328125 128.7512359619140625 240.718048095703125 113.83031463623046875 163.7455291748046875 143.17730712890625 168.1547393798828125 108.6905364990234375 89.42192840576171875 120.3543548583984375 118.3145904541015625 167.6407928466796875 123.50588226318359375 130.2950286865234375 147.3271026611328125 93.60030364990234375 148.7391357421875 132.7287750244140625 97.31011962890625 161.579803466796875 147.851593017578125 164.9749755859375 242.192474365234375
60.87421417236328125 80.8213653564453125 164.3098907470703125 258.465362548828125 197.0680389404296875 205.516998291015625 244.942474365234375 201.6604156494140625 200.426025390625 209.5130615234375 209.899200439453125 229.4407806396484375 150.50762939453125 183.656829833984375 145.778045654296875 119.593841552734375 84.03351593017578125 104.3439788818359375 132.1618804931640625 135.8428192138671875 106.133209228515625 132.4379730224609375 224.187408447265625 109.218109130859375 188.31695556640625 231.8152313232421875 123.39878082275390625 107.28284454345703125 99.54929351806640625 188.7858734130859375 130.7969207763671875 110.49626922607421875 170.933013916015625 221.0830535888671875 212.358123779296875 224.583709716796875 160.1949310302734375 123.3056640625 163.8701629638671875 189.624725341796875 171.0983734130859375 133.54364013671875
126.4603729248046875 118.73165130615234375 78.17303466796875 230.5018310546875 236.532684326171875 187.228179931640625 150.8501129150390625 191.709136962890625 251.364471435546875 274.114959716796875 168.4687652587890625 195.78131103515625 165.509246826171875 97.02445220947265625 146.68426513671875 96.52414703369140625 145.50347900390625 101.00782012939453125 162.382781982421875 92.54076385498046875 113.5648345947265625 94.06884002685546875 143.9295196533203125 185.202056884765625 195.65423583984375 216.7014007568359375 199.4993896484375 92.41614532470703125 130.6165618896484375 121.190185546875 138.3581085205078125 162.9893341064453125 202.9788360595703125 207.4224853515625 194.3070831298828125 148.7265777587890625 210.3986358642578125 201.8589630126953125 165.011993408203125 157.09918212890625 199.58270263671875 128.423126220703125
