inst/extdata/vignette-results/Results/categorical.continuous.asc
ncols        50
nrows        50
xllcorner    0.000000000000
yllcorner    0.000000000000
cellsize     0.500000000000
NODATA_value nan
[rows 0 to 17 of 50, columns 0 to 39 of 50]
7.5037136077880859375 4.4147229194641113281 4.2671704292297363281 4.6806025505065917969 14.334397315979003906 4.5839681625366210938 3.7882399559020996094 3.6177477836608886719 14.042673110961914063 13.743014335632324219 4.2403383255004882813 4.323917388916015625 13.89226531982421875 3.8758444786071777344 4.0779581069946289063 3.4122591018676757813 4.0632138252258300781 4.1770887374877929688 4.1992959976196289063 14.46126556396484375 14.082859992980957031 14.283987045288085938 14.398040771484375 14.537645339965820313 14.013814926147460938 13.897081375122070313 14.205057144165039063 8.2766027450561523438 7.8895583152770996094 8.2252368927001953125 8.1101779937744140625 7.7979373931884765625 14.084935188293457031 14.386549949645996094 14.375485420227050781 8.1628484725952148438 14.336305618286132813 14.256204605102539063 14.23614501953125 7.9835257530212402344
4.6751351356506347656 4.5636363029479980469 4.5457873344421386719 14.434001922607421875 14.32996368408203125 4.5732202529907226563 14.004998207092285156 13.392030715942382813 13.711278915405273438 13.031520843505859375 13.607241630554199219 3.7309195995330810547 14.128828048706054688 4.754589080810546875 4.3714818954467773438 13.984994888305664063 4.2099566459655761719 4.6915249824523925781 4.4935121536254882813 3.9616520404815673828 3.9980838298797607422 14.014513015747070313 14.345737457275390625 14.223560333251953125 14.291818618774414063 14.193633079528808594 14.605530738830566406 8.2682294845581054688 8.2652654647827148438 14.477656364440917969 14.518240928649902344 8.2708482742309570313 8.1426830291748046875 8.2549343109130859375 8.3447408676147460938 14.550264358520507813 14.457258224487304688 14.2647705078125 14.058813095092773438 14.169800758361816406
4.6978011131286621094 4.6009988784790039063 4.490055084228515625 14.205910682678222656 4.7235693931579589844 13.9921722412109375 7.0038723945617675781 7.2906394004821777344 13.106664657592773438 12.679532051086425781 13.963590621948242188 4.3512396812438964844 14.250304222106933594 4.6420917510986328125 13.74932098388671875 4.5809578895568847656 14.498353004455566406 14.232384681701660156 4.0907921791076660156 4.0634450912475585938 4.2254686355590820313 13.966741561889648438 4.0994725227355957031 14.247905731201171875 13.842845916748046875 14.18785858154296875 14.198415756225585938 14.293727874755859375 14.163153648376464844 14.272917747497558594 8.256954193115234375 8.2539615631103515625 8.2755670547485351563 14.535608291625976563 4.7000274658203125 14.45699310302734375 4.7059040069580078125 4.4799652099609375 12.946615219116210938 13.5070953369140625
4.7352437973022460938 4.5091104507446289063 4.1708369255065917969 4.1783905029296875 14.217494010925292969 14.234040260314941406 7.7557940483093261719 13.737858772277832031 14.187989234924316406 13.526945114135742188 13.399044990539550781 14.031254768371582031 7.8660235404968261719 4.4817185401916503906 4.3601918220520019531 4.5915780067443847656 4.3869495391845703125 4.2476572990417480469 13.214917182922363281 14.067168235778808594 14.305581092834472656 4.6493434906005859375 4.57276153564453125 4.3978490829467773438 4.2086696624755859375 14.118054389953613281 8.1576938629150390625 14.488665580749511719 14.463091850280761719 14.486849784851074219 14.50719451904296875 8.3417758941650390625 8.357906341552734375 14.663964271545410156 4.8436632156372070313 4.6035099029541015625 4.4009032249450683594 4.4500946998596191406 14.059149742126464844 13.509979248046875
4.5350632667541503906 13.8099822998046875 4.1557521820068359375 3.8519375324249267578 4.1103792190551757813 14.14116668701171875 7.8953237533569335938 13.551034927368164063 13.87876129150390625 7.7435412406921386719 7.7909603118896484375 13.379140853881835938 13.920773506164550781 4.0707216262817382813 14.064535140991210938 13.914570808410644531 14.031795501708984375 13.817510604858398438 4.1560387611389160156 4.2623424530029296875 13.999002456665039063 14.590043067932128906 4.5733094215393066406 4.2466282844543457031 13.70147705078125 7.668487548828125 8.1182489395141601563 14.298284530639648438 14.280896186828613281 14.264354705810546875 8.159404754638671875 14.579189300537109375 8.4151144027709960938 14.567784309387207031 4.7918524742126464844 4.8258390426635742188 13.827637672424316406 7.3413295745849609375 7.4412975311279296875 14.307802200317382813
4.1825213432312011719 3.8218262195587158203 13.681105613708496094 3.8466715812683105469 14.075754165649414063 13.751536369323730469 7.8828325271606445313 14.100296974182128906 4.3469052314758300781 13.701098442077636719 14.115480422973632813 4.3631749153137207031 14.223834991455078125 3.9960777759552001953 4.0464673042297363281 14.026167869567871094 13.423795700073242188 13.067322731018066406 13.817682266235351563 13.923627853393554688 14.422609329223632813 8.2266435623168945313 13.880825996398925781 4.1045565605163574219 14.182201385498046875 13.923893928527832031 14.141843795776367188 14.390570640563964844 14.533919334411621094 14.194582939147949219 4.5550122261047363281 14.360795021057128906 8.3074102401733398438 4.6735558509826660156 14.634781837463378906 4.6035180091857910156 4.6246199607849121094 14.1309356689453125 14.200301170349121094 4.7643570899963378906
14.27829742431640625 14.132136344909667969 7.8063678741455078125 14.100277900695800781 14.145987510681152344 14.219752311706542969 13.020211219787597656 13.558023452758789063 3.4936068058013916016 13.947305679321289063 4.0060873031616210938 3.8065915107727050781 14.101561546325683594 3.6511886119842529297 3.8054022789001464844 3.9914734363555908203 13.727305412292480469 13.456160545349121094 13.607645988464355469 7.6264090538024902344 4.3454451560974121094 13.940690040588378906 7.384918212890625 13.493259429931640625 14.089026451110839844 13.906308174133300781 4.2436313629150390625 4.6061220169067382813 14.595029830932617188 4.7703990936279296875 4.5993628501892089844 4.5857768058776855469 14.301812171936035156 14.387842178344726563 4.9360661506652832031 14.436601638793945313 4.3419814109802246094 4.7291731834411621094 4.8405632972717285156 4.6214809417724609375
14.494456291198730469 13.391341209411621094 14.012777328491210938 14.434911727905273438 14.123826980590820313 13.904620170593261719 13.553499221801757813 4.0337042808532714844 13.399679183959960938 13.490433692932128906 4.1273322105407714844 13.608152389526367188 13.404926300048828125 4.1297731399536132813 3.7098236083984375 13.488678932189941406 3.8055789470672607422 7.9081234931945800781 7.131366729736328125 7.8481745719909667969 14.106562614440917969 13.879766464233398438 7.4797778129577636719 14.088873863220214844 7.5085349082946777344 7.8749055862426757813 4.398792266845703125 4.1157388687133789063 8.1946706771850585938 14.220543861389160156 4.3017554283142089844 4.5370578765869140625 14.239889144897460938 4.7805929183959960938 4.5023341178894042969 4.3873004913330078125 4.4807825088500976563 4.6972942352294921875 4.71990203857421875 14.066906929016113281
4.2444300651550292969 14.214249610900878906 7.9262247085571289063 8.1965084075927734375 13.875746726989746094 3.4072961807250976563 13.020325660705566406 13.718468666076660156 13.441803932189941406 12.748555183410644531 14.014196395874023438 12.350285530090332031 2.7469775676727294922 4.1437196731567382813 4.4025778770446777344 14.101480484008789063 7.4950375556945800781 7.7094674110412597656 7.790325164794921875 14.129947662353515625 14.166317939758300781 4.26673126220703125 7.702320098876953125 14.179184913635253906 14.235428810119628906 8.0672521591186523438 13.961609840393066406 14.234753608703613281 8.18889617919921875 7.7325377464294433594 14.0035552978515625 13.992430686950683594 14.360535621643066406 14.527116775512695313 14.453390121459960938 4.3455147743225097656 13.907589912414550781 4.6581563949584960938 4.6279988288879394531 14.371640205383300781
4.6027169227600097656 14.362874984741210938 8.1857013702392578125 7.9955949783325195313 13.929014205932617188 3.6823232173919677734 13.864516258239746094 14.036957740783691406 13.976900100708007813 13.338186264038085938 13.613828659057617188 4.0631384849548339844 4.4915952682495117188 4.2898931503295898438 4.5686573982238769531 14.2859039306640625 8.1185970306396484375 7.9191217422485351563 8.1275806427001953125 8.2090730667114257813 13.777102470397949219 4.2746458053588867188 7.7071380615234375 14.236890792846679688 14.4284210205078125 7.80701446533203125 7.8107147216796875 13.455785751342773438 7.6886792182922363281 14.036669731140136719 13.794038772583007813 13.446992874145507813 13.589452743530273438 7.4746389389038085938 14.096516609191894531 8.02574920654296875 14.399431228637695313 14.054775238037109375 14.370684623718261719 4.5239882469177246094
14.413842201232910156 14.65752410888671875 14.57245635986328125 7.9769158363342285156 7.2134661674499511719 4.2949099540710449219 13.187078475952148438 3.748012542724609375 14.007373809814453125 13.620195388793945313 14.133234024047851563 4.3074002265930175781 4.6506485939025878906 4.4857378005981445313 4.2348604202270507813 14.224905014038085938 7.7929139137268066406 14.165371894836425781 13.995160102844238281 8.1089982986450195313 13.661660194396972656 4.232021331787109375 4.5572066307067871094 14.108256340026855469 14.262605667114257813 7.3146395683288574219 7.3499312400817871094 13.826353073120117188 13.922620773315429688 4.5405611991882324219 3.6500046253204345703 13.724025726318359375 7.7463922500610351563 13.955546379089355469 13.272406578063964844 8.0148067474365234375 7.4761600494384765625 13.658228874206542969 13.938635826110839844 3.8291141986846923828
4.7328462600708007813 14.5943450927734375 14.438720703125 13.927585601806640625 14.121682167053222656 14.05731964111328125 3.4970049858093261719 3.7348537445068359375 13.96027374267578125 14.357912063598632813 4.4472556114196777344 4.7511854171752929688 4.8819880485534667969 4.5701322555541992188 14.312314033508300781 14.100638389587402344 8.0942554473876953125 14.088995933532714844 4.33502960205078125 13.932608604431152344 14.152297019958496094 13.5660247802734375 4.3160600662231445313 4.6198129653930664063 4.7662935256958007813 14.365674018859863281 8.2998218536376953125 7.6640229225158691406 13.819471359252929688 14.0784912109375 3.4370772838592529297 12.863074302673339844 7.1613335609436035156 7.5809693336486816406 7.6323466300964355469 13.944061279296875 8.0566425323486328125 13.215059280395507813 13.90103912353515625 14.344531059265136719
14.083744049072265625 14.402359962463378906 14.267004013061523438 14.05216217041015625 14.360003471374511719 7.6888813972473144531 13.050515174865722656 2.910442352294921875 4.2517824172973632813 4.6420283317565917969 4.6843304634094238281 4.8855428695678710938 4.7097935676574707031 4.6324305534362792969 4.3842606544494628906 14.245302200317382813 14.324202537536621094 14.04993438720703125 4.3278379440307617188 4.4598150253295898438 4.1501760482788085938 7.991634368896484375 14.344064712524414063 8.3042144775390625 14.42073822021484375 14.211155891418457031 4.8458204269409179688 13.981614112854003906 6.726436614990234375 13.564907073974609375 13.291939735412597656 12.888163566589355469 13.159679412841796875 7.5284695625305175781 7.9418964385986328125 14.0195770263671875 7.6877717971801757813 14.19153594970703125 3.8668012619018554688 4.4378767013549804688
13.838236808776855469 14.336442947387695313 14.422954559326171875 14.037905693054199219 13.932457923889160156 4.0626726150512695313 3.5499680042266845703 3.2741525173187255859 3.905735015869140625 4.5448427200317382813 4.7727160453796386719 4.7794890403747558594 4.8149394989013671875 4.7677025794982910156 4.5460228919982910156 4.7001743316650390625 14.266341209411621094 4.0552334785461425781 14.232473373413085938 13.834658622741699219 4.7833027839660644531 7.9775986671447753906 7.6033086776733398438 14.361222267150878906 14.134487152099609375 14.366888046264648438 14.064160346984863281 13.78964996337890625 13.267523765563964844 7.5324802398681640625 13.311751365661621094 13.463689804077148438 8.0167798995971679688 14.069478034973144531 14.203557014465332031 14.026402473449707031 7.7825574874877929688 7.9864211082458496094 14.165877342224121094 4.4630060195922851563
14.336461067199707031 14.397373199462890625 14.414694786071777344 14.423955917358398438 14.302275657653808594 8.0060396194458007813 4.1881422996520996094 4.4309945106506347656 4.5366435050964355469 4.5832366943359375 4.5578179359436035156 4.7984781265258789063 14.627239227294921875 4.6510577201843261719 7.9077448844909667969 14.2737274169921875 4.7218947410583496094 4.5090360641479492188 4.3492889404296875 14.328739166259765625 14.396897315979003906 4.911968231201171875 14.0382843017578125 7.531524658203125 7.4676251411437988281 4.5783114433288574219 13.762643814086914063 4.4697637557983398438 13.389440536499023438 14.326585769653320313 14.214252471923828125 8.279293060302734375 14.520608901977539063 8.3534135818481445313 14.39023590087890625 14.354031562805175781 13.888628005981445313 8.2021512985229492188 14.577395439147949219 4.3251638412475585938
14.246706008911132813 14.213198661804199219 8.1194610595703125 14.43901824951171875 8.0480470657348632813 7.9235358238220214844 13.11069488525390625 4.4743742942810058594 4.606231689453125 4.6177830696105957031 4.644657135009765625 14.608966827392578125 14.480752944946289063 14.23799896240234375 13.626614570617675781 4.1300568580627441406 4.57952880859375 4.6453537940979003906 4.5755076408386230469 13.796376228332519531 4.1313014030456542969 13.927559852600097656 13.900071144104003906 14.222042083740234375 12.983601570129394531 7.854305267333984375 7.5012493133544921875 14.317386627197265625 14.030264854431152344 7.4450082778930664063 8.142398834228515625 8.27367401123046875 14.331762313842773438 14.395153999328613281 8.2448520660400390625 14.339237213134765625 14.238497734069824219 8.1015377044677734375 13.979317665100097656 4.4163608551025390625
14.345400810241699219 8.0609140396118164063 7.8323640823364257813 8.318050384521484375 14.240300178527832031 13.576804161071777344 3.6039743423461914063 4.4842615127563476563 4.6313729286193847656 14.48415374755859375 14.462553977966308594 14.465025901794433594 14.432088851928710938 14.298154830932617188 8.1877536773681640625 7.9545674324035644531 14.372458457946777344 4.7065358161926269531 4.3736681938171386719 4.265140533447265625 3.9699013233184814453 4.4615836143493652344 4.4599013328552246094 4.0841383934020996094 4.2484445571899414063 4.0816125869750976563 14.052148818969726563 14.113943099975585938 14.157269477844238281 8.0761127471923828125 8.0357599258422851563 14.233786582946777344 8.0501832962036132813 14.249156951904296875 14.037332534790039063 14.041724205017089844 7.5215206146240234375 4.1134386062622070313 4.0970664024353027344 4.2953944206237792969
14.130732536315917969 8.1124143600463867188 7.8953518867492675781 14.246108055114746094 13.954590797424316406 13.567322731018066406 4.2810163497924804688 13.8599853515625 7.8190007209777832031 14.370125770568847656 14.442668914794921875 7.4895882606506347656 8.0567102432250976563 4.3513174057006835938 7.9211354255676269531 14.284016609191894531 4.6614260673522949219 4.7024173736572265625 4.279361724853515625 4.3207392692565917969 14.218436241149902344 4.5224480628967285156 4.347537994384765625 4.3755774497985839844 4.3542551994323730469 14.356416702270507813 14.228845596313476563 14.140298843383789063 14.339209556579589844 3.8791685104370117188 7.9102349281311035156 8.173980712890625 13.933142662048339844 14.163042068481445313 8.2072229385375976563 14.256697654724121094 7.7198352813720703125 13.810335159301757813 3.9605634212493896484 4.2208247184753417969
