inst/extdata/vignette-results/Results/categorical.continuous.asc
ncols        50
nrows        50
xllcorner    0.000000000000
yllcorner    0.000000000000
cellsize     0.500000000000
NODATA_value nan
[rows 0 to 17 of 50, columns 0 to 41 of 50]
208.9413299560546875 101.32326507568359375 119.30785369873046875 61.41839599609375 78.06322479248046875 77.4053497314453125 166.867889404296875 181.18243408203125 116.8892669677734375 148.541412353515625 122.36124420166015625 112.6445159912109375 133.5327301025390625 159.073333740234375 139.69818115234375 197.1767730712890625 141.186431884765625 129.33447265625 126.9205169677734375 56.724925994873046875 112.1256866455078125 85.6083221435546875 67.8389129638671875 41.59754180908203125 120.22092437744140625 133.0255279541015625 96.61948394775390625 106.89128875732421875 166.977569580078125 116.81816864013671875 136.3199310302734375 177.9889984130859375 111.87566375732421875 69.7498016357421875 71.5612335205078125 127.79046630859375 77.76862335205078125 89.58745574951171875 92.38871002197265625 154.7514801025390625 142.343505859375 112.50153350830078125
62.383029937744140625 80.51866912841796875 83.19049835205078125 61.650325775146484375 78.7449951171875 79.0606689453125 121.22478485107421875 179.574554443359375 151.5720977783203125 207.0712890625 161.16436767578125 171.7991943359375 106.48493194580078125 47.465122222900390625 106.823486328125 123.4788055419921875 125.74872589111328125 59.46637725830078125 90.71556854248046875 151.1044769287109375 147.6109771728515625 120.14122772216796875 76.3024749755859375 94.11705780029296875 84.4646759033203125 98.14232635498046875 25.905078887939453125 108.57405853271484375 109.16327667236328125 53.655139923095703125 45.653186798095703125 108.05074310302734375 131.127288818359375 111.19174957275390625 92.03572845458984375 38.869098663330078125 57.46245574951171875 88.3731689453125 114.99398040771484375 101.26723480224609375 128.2275238037109375 292.2381591796875
58.32924652099609375 74.736846923828125 91.19855499267578125 96.5050201416015625 53.534442901611328125 122.673736572265625 251.706756591796875 228.34991455078125 201.6287384033203125 230.9320526123046875 125.85565185546875 109.3286895751953125 90.41738128662109375 68.04822540283203125 147.9329681396484375 77.8711700439453125 49.65019989013671875 92.90738677978515625 138.3920440673828125 141.1631622314453125 124.02817535400390625 125.50794219970703125 137.5028839111328125 90.7534027099609375 138.6500244140625 98.9059600830078125 97.506866455078125 84.18434906005859375 102.12668609619140625 87.207977294921875 110.79815673828125 111.38086700439453125 107.10092926025390625 42.03107452392578125 57.923130035400390625 57.51110076904296875 56.843822479248046875 92.59851837158203125 213.0621795654296875 169.95135498046875 81.81105804443359375 89.553131103515625
51.290676116943359375 88.5145416259765625 130.0075836181640625 129.193939208984375 94.942474365234375 92.67926025390625 182.79962158203125 149.03729248046875 98.8886566162109375 168.2418212890625 179.001220703125 118.21611785888671875 169.8841705322265625 92.35625457763671875 108.22602081298828125 76.2200775146484375 104.87992095947265625 121.53423309326171875 193.5363006591796875 114.00353240966796875 82.43021392822265625 66.828216552734375 79.130828857421875 103.49459075927734375 125.89061737060546875 107.82642364501953125 128.6522674560546875 51.54334259033203125 56.38700103759765625 51.89455413818359375 47.892253875732421875 92.73203277587890625 88.8792266845703125 9.7315196990966796875 27.678403854370117188 74.33849334716796875 103.1040191650390625 96.660919189453125 114.954193115234375 169.70391845703125 109.20014190673828125 96.65215301513671875
84.7696533203125 141.96917724609375 131.6204833984375 161.23297119140625 136.378997802734375 104.93341064453125 166.2566986083984375 166.1463165283203125 134.94671630859375 184.1710357666015625 178.7957000732421875 180.6237640380859375 130.5074615478515625 140.4302520751953125 114.3163604736328125 131.1704559326171875 118.15355682373046875 141.214569091796875 131.59002685546875 119.8616943359375 121.90380096435546875 29.724851608276367188 79.0469818115234375 121.650787353515625 152.497802734375 192.3254547119140625 135.050811767578125 83.51279449462890625 86.056976318359375 88.4324188232421875 128.36700439453125 32.309352874755859375 73.66766357421875 34.9499359130859375 39.67034149169921875 31.979299545288085938 140.194061279296875 223.9138946533203125 214.8432769775390625 82.09881591796875 75.6783599853515625 107.9365234375
128.7472381591796875 163.9178314208984375 154.4066009521484375 161.705322265625 112.97893524169921875 147.7186279296875 167.814056396484375 110.01113128662109375 109.85965728759765625 152.533416748046875 108.14510345458984375 107.85672760009765625 94.07950592041015625 147.805145263671875 142.861236572265625 118.803558349609375 176.964874267578125 204.495269775390625 141.19732666015625 130.2015228271484375 63.646816253662109375 116.55812835693359375 134.73126220703125 136.979949951171875 99.64990234375 130.172882080078125 104.8478240966796875 69.0846710205078125 42.389007568359375 98.01638031005859375 81.8165283203125 73.92551422119140625 100.45069122314453125 62.6602020263671875 18.202610015869140625 74.33716583251953125 70.9373626708984375 106.22109222412109375 97.2555694580078125 45.4789276123046875 105.15874481201171875 126.2632904052734375
86.4329986572265625 106.070556640625 177.0084991455078125 110.0134735107421875 104.322662353515625 94.63584136962890625 207.8787994384765625 165.5340118408203125 190.9926910400390625 127.64070892333984375 146.8341827392578125 165.2617034912109375 109.85660552978515625 178.4560394287109375 165.3661956787109375 148.2500152587890625 150.0480804443359375 174.2698516845703125 161.1280059814453125 196.7257232666015625 110.038116455078125 128.3602447509765625 220.013641357421875 171.134033203125 111.3813018798828125 132.049468994140625 121.98969268798828125 73.92267608642578125 28.5126953125 44.23088836669921875 74.99565887451171875 77.1246490478515625 82.99048614501953125 69.53635406494140625 1 61.189723968505859375 110.460540771484375 52.4631805419921875 28.441129684448242188 71.44913482666015625 86.4541473388671875 126.8911285400390625
50.41571807861328125 179.6307830810546875 120.3394622802734375 61.489315032958984375 107.1091766357421875 132.22845458984375 165.9306182861328125 144.1268157958984375 178.9493255615234375 171.3746490478515625 134.6169586181640625 161.0825347900390625 178.519256591796875 134.3617095947265625 173.582733154296875 171.52392578125 165.350677490234375 164.643402099609375 241.65869140625 172.0512542724609375 109.243988037109375 134.841827392578125 211.227752685546875 111.3997650146484375 208.4772186279296875 168.7938995361328125 103.37408447265625 135.8239288330078125 122.32525634765625 94.5281524658203125 115.2814788818359375 84.4774322509765625 91.87018585205078125 42.089839935302734375 89.47518157958984375 104.83551025390625 92.48564910888671875 58.421497344970703125 54.229755401611328125 114.034576416015625 75.361175537109375 44.780254364013671875
121.89942169189453125 95.38198089599609375 162.330780029296875 122.00153350830078125 135.260650634765625 197.5482177734375 207.87066650390625 150.8899993896484375 175.4698944091796875 226.445159912109375 120.17733001708984375 251.2480926513671875 242.1364593505859375 132.895782470703125 102.889404296875 109.86661529541015625 209.77349853515625 187.924102783203125 178.8689422607421875 106.34488677978515625 101.71819305419921875 119.3582916259765625 188.7003631591796875 100.04503631591796875 92.48764801025390625 142.8624267578125 126.0738677978515625 92.5808258056640625 123.3361663818359375 185.3927001953125 121.388458251953125 122.64464569091796875 73.96678924560546875 43.81816864013671875 58.170047760009765625 110.0295867919921875 131.9133758544921875 65.3282623291015625 70.38402557373046875 72.18450927734375 143.1532135009765625 106.727935791015625
74.464385986328125 73.5935516357421875 123.891815185546875 153.1010589599609375 129.6224517822265625 175.8834381103515625 136.4253692626953125 117.55486297607421875 124.38188934326171875 183.921539306640625 160.5717010498046875 141.1940155029296875 90.98361968994140625 116.67435455322265625 79.75687408447265625 85.32927703857421875 134.995880126953125 163.242706298828125 133.5671844482421875 119.763946533203125 145.227081298828125 118.4463958740234375 188.177520751953125 92.28548431396484375 62.6326446533203125 176.93304443359375 176.500518798828125 174.3012847900390625 190.171661376953125 117.58832550048828125 143.5566558837890625 175.0370330810546875 162.755462646484375 211.714813232421875 110.47212982177734375 148.8880157470703125 67.60558319091796875 115.470367431640625 72.33899688720703125 86.380767822265625 81.18073272705078125 134.5858001708984375
65.1600341796875 11.680093765258789063 33.877071380615234375 155.64703369140625 234.9117584228515625 116.08684539794921875 195.6472015380859375 170.3419189453125 120.95496368408203125 159.9970855712890625 105.9328155517578125 114.61417388916015625 66.6072540283203125 91.79937744140625 122.97740936279296875 93.933441162109375 178.5702362060546875 101.8404083251953125 122.33742523193359375 136.5042572021484375 156.210052490234375 123.29578399658203125 81.487518310546875 109.03594207763671875 88.68115234375 226.2625579833984375 223.150665283203125 140.3239288330078125 130.3095245361328125 83.96245574951171875 178.5532073974609375 150.3609771728515625 183.85302734375 126.73986053466796875 189.1081695556640625 150.43206787109375 211.5708160400390625 156.5264434814453125 128.583038330078125 163.27154541015625 49.740421295166015625 129.819580078125
51.7552490234375 28.6800384521484375 60.81308746337890625 129.7762603759765625 107.37615966796875 115.17034149169921875 190.730316162109375 171.4647674560546875 126.22090911865234375 74.3841094970703125 97.04090118408203125 48.14832305908203125 17.655382156372070313 79.53226470947265625 81.42314910888671875 109.969512939453125 138.786285400390625 111.3850860595703125 111.304840087890625 129.2349700927734375 103.51938629150390625 164.830535888671875 113.58472442626953125 71.72022247314453125 45.080600738525390625 73.1453857421875 102.0755615234375 192.79791259765625 141.0175018310546875 112.65088653564453125 195.3093719482421875 218.8034515380859375 239.2226104736328125 201.351470947265625 196.11181640625 127.99404144287109375 144.4293212890625 193.525482177734375 132.6075286865234375 76.4909820556640625 92.17954254150390625 221.6213531494140625
112.01923370361328125 67.11278533935546875 88.054779052734375 115.77783966064453125 74.051605224609375 190.14990234375 205.7084197998046875 231.875823974609375 121.0662384033203125 68.05884552001953125 60.75594329833984375 16.66272735595703125 56.12369537353515625 69.65439605712890625 105.21967315673828125 91.11702728271484375 79.625457763671875 116.039459228515625 112.17325592041015625 95.35201263427734375 132.212738037109375 153.644866943359375 76.563751220703125 101.1381683349609375 63.9713287353515625 95.79973602294921875 27.143777847290039063 123.856536865234375 272.038604736328125 164.9289398193359375 187.5817108154296875 217.094512939453125 197.7042236328125 206.5449981689453125 160.2980194091796875 119.561370849609375 190.2690582275390625 98.420196533203125 159.8932342529296875 98.28887176513671875 144.4426422119140625 174.6304931640625
139.1194915771484375 77.74747467041015625 63.5867462158203125 117.44463348388671875 129.2511749267578125 141.2407989501953125 186.5972747802734375 207.2798309326171875 156.33697509765625 83.33036041259765625 43.7482147216796875 42.323883056640625 34.514007568359375 44.78973388671875 83.15557861328125 57.8962554931640625 88.1493988037109375 141.986602783203125 92.89521026611328125 139.483062744140625 41.5128936767578125 155.5547637939453125 199.093109130859375 73.85741424560546875 105.775421142578125 72.9504547119140625 114.3608551025390625 143.9910125732421875 189.4879913330078125 206.153717041015625 186.0218048095703125 173.63751220703125 150.1550445556640625 113.72855377197265625 96.8204193115234375 118.77655792236328125 179.7618255615234375 154.3573760986328125 101.7751617431640625 94.91960906982421875 108.9878082275390625 100.60340118408203125
77.74459075927734375 67.95081329345703125 65.0137786865234375 63.412570953369140625 82.921783447265625 151.656585693359375 128.1374359130859375 99.19763946533203125 84.5381927490234375 77.518707275390625 81.3957366943359375 38.218502044677734375 20.256366729736328125 66.53795623779296875 164.69134521484375 87.0916595458984375 53.85248565673828125 88.52512359619140625 109.56789398193359375 78.93268585205078125 68.030517578125 8.8720226287841796875 117.400634765625 206.2470245361328125 212.3774871826171875 78.2792816162109375 146.640533447265625 93.9994354248046875 179.785797119140625 79.26197052001953125 95.38149261474609375 106.3448638916015625 45.16689300537109375 89.9686737060546875 69.14020538330078125 74.998809814453125 133.914825439453125 121.0019683837890625 32.72955322265625 112.494842529296875 95.22115325927734375 50.744930267333984375
90.921142578125 95.52399444580078125 134.8591766357421875 60.760112762451171875 145.685150146484375 162.676666259765625 201.3329315185546875 93.36804962158203125 73.90525054931640625 72.04930877685546875 67.61801910400390625 25.035121917724609375 53.065273284912109375 92.13214111328125 159.415924072265625 134.3320465087890625 78.0916900634765625 67.500946044921875 78.710205078125 143.32476806640625 134.20172119140625 129.7790374755859375 132.7098846435546875 94.32407379150390625 210.4723968505859375 171.3104248046875 209.1780853271484375 80.65918731689453125 118.3306427001953125 214.4977569580078125 131.173675537109375 107.4830780029296875 78.46892547607421875 68.32187652587890625 113.13480377197265625 77.31484222412109375 92.063079833984375 137.6642303466796875 124.1126556396484375 101.1107177734375 68.06522369384765625 52.694427490234375
76.35512542724609375 143.80072021484375 173.9450531005859375 98.1260986328125 91.81310272216796875 163.878662109375 182.2946319580078125 92.0041961669921875 69.8289337158203125 52.413814544677734375 56.486667633056640625 56.02806854248046875 61.987945556640625 83.531890869140625 123.5352630615234375 158.6329193115234375 72.052215576171875 56.72714996337890625 106.55031585693359375 119.54095458984375 150.319427490234375 95.1125030517578125 95.34033203125 139.070465087890625 121.44501495361328125 139.3272552490234375 115.77935791015625 108.3350830078125 102.88315582275390625 141.5392303466796875 147.459625244140625 92.7142486572265625 145.3741912841796875 90.57825469970703125 117.51123046875 116.9999237060546875 207.220947265625 136.0623931884765625 137.74981689453125 116.02999114990234375 77.7354736328125 81.2525177001953125
106.24662017822265625 135.9694671630859375 166.253143310546875 91.00460052490234375 126.8446044921875 164.7161865234375 117.70849609375 136.8929443359375 175.5274810791015625 72.42910003662109375 60.107696533203125 210.2942047119140625 144.4193267822265625 109.31916046142578125 162.984771728515625 85.6040496826171875 64.76690673828125 57.4854278564453125 117.9005126953125 113.025543212890625 94.81461334228515625 86.603240966796875 109.78231048583984375 106.31139373779296875 108.95816802978515625 74.62142181396484375 93.39386749267578125 105.04306793212890625 77.31915283203125 158.771026611328125 164.3755340576171875 125.90747833251953125 129.1772918701171875 102.1410980224609375 120.09607696533203125 89.5178680419921875 186.7913970947265625 141.9339141845703125 151.207794189453125 124.54520416259765625 75.06159210205078125 91.6158599853515625
