inst/extdata/vignette-results/Results/categorical.continuous.asc
ncols        50
nrows        50
xllcorner    0.000000000000
yllcorner    0.000000000000
cellsize     0.500000000000
NODATA_value nan
[rows 18 to 35 of 50, columns 0 to 39 of 50]
7.876190185546875 14.368330001831054688 7.9326004981994628906 8.2120428085327148438 14.366398811340332031 14.066872596740722656 13.740919113159179688 8.0320711135864257813 8.1766262054443359375 8.184978485107421875 14.291157722473144531 3.9112539291381835938 14.188298225402832031 4.4883704185485839844 14.033099174499511719 14.414338111877441406 4.4221963882446289063 4.1055173873901367188 4.1351399421691894531 3.5421533584594726563 4.1990904808044433594 4.0067353248596191406 3.566516876220703125 4.2182154655456542969 4.5552148818969726563 14.322590827941894531 8.2033109664916992188 14.017328262329101563 4.7716841697692871094 14.1262054443359375 8.0172815322875976563 14.155897140502929688 14.040987014770507813 4.3310985565185546875 4.3666906356811523438 14.349574089050292969 4.2550363540649414063 13.869806289672851563 14.034920692443847656 14.237433433532714844
14.229795455932617188 8.1597700119018554688 14.389726638793945313 8.2950954437255859375 4.6066508293151855469 14.181294441223144531 14.063755035400390625 7.5400509834289550781 14.060342788696289063 14.161425590515136719 13.942363739013671875 3.7042319774627685547 4.4152555465698242188 14.398768424987792969 13.820665359497070313 14.347476005554199219 14.214246749877929688 4.1829504966735839844 4.3330006599426269531 2.6594831943511962891 3.600299835205078125 4.1829996109008789063 3.4632031917572021484 4.3874821662902832031 4.5902042388916015625 14.536916732788085938 14.410555839538574219 14.3325347900390625 14.257352828979492188 14.284023284912109375 7.8131337165832519531 4.1230401992797851563 4.3040337562561035156 4.5077219009399414063 14.651175498962402344 14.463595390319824219 13.601522445678710938 13.796353340148925781 4.5055222511291503906 4.6043324470520019531
14.012708663940429688 14.256303787231445313 7.6754474639892578125 8.1159067153930664063 7.9191751480102539063 14.329957008361816406 14.001268386840820313 13.640347480773925781 14.164719581604003906 4.2502980232238769531 4.4898076057434082031 2.5865263938903808594 13.890948295593261719 8.0270586013793945313 7.9133234024047851563 14.228319168090820313 13.79509735107421875 4.5367975234985351563 4.4085288047790527344 4.1901540756225585938 4.3298521041870117188 3.3208177089691162109 12.956911087036132813 14.177337646484375 14.332845687866210938 14.285427093505859375 4.4490261077880859375 4.3618402481079101563 3.9712328910827636719 4.0898227691650390625 14.138172149658203125 14.269277572631835938 13.947066307067871094 14.383547782897949219 14.629775047302246094 14.478094100952148438 13.900481224060058594 14.305819511413574219 4.4611120223999023438 14.279302597045898438
8.0462017059326171875 7.9655618667602539063 7.9484686851501464844 13.864945411682128906 7.6821441650390625 13.505467414855957031 4.0636382102966308594 8.0089426040649414063 13.9951324462890625 4.3352513313293457031 4.4362545013427734375 4.4440827369689941406 14.209985733032226563 7.3766369819641113281 7.6747579574584960938 8.2460527420043945313 14.092912673950195313 14.279501914978027344 14.173025131225585938 4.0303368568420410156 14.109292984008789063 7.4147891998291015625 13.689055442810058594 13.983401298522949219 7.9144263267517089844 14.560712814331054688 14.390691757202148438 4.5192003250122070313 3.906993865966796875 14.5727996826171875 14.336360931396484375 7.9087705612182617188 14.019013404846191406 13.88437652587890625 14.204212188720703125 14.108822822570800781 14.487947463989257813 14.54732513427734375 14.626224517822265625 14.511347770690917969
8.074371337890625 8.163730621337890625 8.3422756195068359375 14.284924507141113281 7.9533319473266601563 13.946397781372070313 13.793536186218261719 14.200289726257324219 8.03610992431640625 13.908315658569335938 3.9347529411315917969 3.6921772956848144531 14.166437149047851563 13.605561256408691406 7.834247589111328125 7.9108643531799316406 7.5643906593322753906 13.850708961486816406 14.294004440307617188 14.092540740966796875 14.227203369140625 14.210773468017578125 4.0563306808471679688 14.1435699462890625 14.46417999267578125 4.7337865829467773438 4.7831950187683105469 14.318828582763671875 14.170309066772460938 14.069660186767578125 4.3069028854370117188 7.1739635467529296875 7.5546855926513671875 13.877108573913574219 3.2421867847442626953 7.01546478271484375 14.365895271301269531 14.288256645202636719 14.424443244934082031 14.421600341796875
7.6986837387084960938 7.8803782463073730469 14.334173202514648438 14.041071891784667969 7.8214850425720214844 7.6925706863403320313 7.7479958534240722656 14.615109443664550781 14.058602333068847656 7.709224700927734375 4.0450291633605957031 13.629136085510253906 14.002194404602050781 14.196131706237792969 14.002602577209472656 14.285174369812011719 14.161269187927246094 13.979862213134765625 14.251495361328125 14.351378440856933594 8.0627450942993164063 14.425464630126953125 12.795072555541992188 13.944304466247558594 14.533411979675292969 14.536517143249511719 14.402362823486328125 14.434747695922851563 14.143824577331542969 13.773564338684082031 3.1655423641204833984 13.735121726989746094 7.3542604446411132813 13.480389595031738281 12.110254287719726563 13.367922782897949219 7.7660479545593261719 7.1250100135803222656 13.511345863342285156 14.201226234436035156
7.1935219764709472656 7.6701045036315917969 14.052905082702636719 14.351702690124511719 7.8266358375549316406 7.1722888946533203125 14.367133140563964844 14.440580368041992188 14.358165740966796875 7.7074685096740722656 13.503228187561035156 14.055528640747070313 13.801408767700195313 14.056267738342285156 4.1739926338195800781 4.321979522705078125 14.535879135131835938 14.511310577392578125 14.505263328552246094 4.7466764450073242188 14.460515022277832031 13.835928916931152344 6.5977830886840820313 7.4623894691467285156 7.7465214729309082031 8.1281337738037109375 14.505265235900878906 13.599791526794433594 4.2519755363464355469 13.793086051940917969 13.847133636474609375 13.342667579650878906 7.3214483261108398438 12.942091941833496094 7.1552023887634277344 13.157474517822265625 14.092973709106445313 13.194535255432128906 7.2697434425354003906 14.226986885070800781
6.852916717529296875 6.6494493484497070313 13.531968116760253906 13.969521522521972656 14.020755767822265625 8.0558643341064453125 7.6711316108703613281 8.1349267959594726563 8.17987060546875 14.281293869018554688 13.665172576904296875 4.3711938858032226563 13.804224967956542969 7.709331512451171875 13.670742988586425781 14.13768768310546875 4.7506160736083984375 4.7815046310424804688 4.6913914680480957031 4.3585357666015625 14.342103958129882813 14.549846649169921875 14.087793350219726563 13.867224693298339844 7.6884069442749023438 8.0884637832641601563 14.268128395080566406 4.3854155540466308594 4.5600862503051757813 3.8590326309204101563 13.015444755554199219 6.365512847900390625 5.4488339424133300781 6.8457117080688476563 12.417453765869140625 12.885207176208496094 13.784060478210449219 13.822333335876464844 7.1628384590148925781 6.8393855094909667969
7.3123688697814941406 7.1239728927612304688 13.714497566223144531 13.628180503845214844 13.928469657897949219 7.8066315650939941406 7.7672371864318847656 7.7155175209045410156 8.0693445205688476563 14.0749969482421875 14.077359199523925781 13.896233558654785156 14.083131790161132813 7.6585173606872558594 13.957387924194335938 14.407857894897460938 8.2160663604736328125 14.527428627014160156 14.271384239196777344 4.0258116722106933594 3.8901791572570800781 8.2144622802734375 8.091167449951171875 7.4460544586181640625 7.84523773193359375 7.856655120849609375 14.341864585876464844 14.231082916259765625 14.187853813171386719 8.0803813934326171875 7.2118458747863769531 12.950596809387207031 6.6987967491149902344 3.5422048568725585938 5.5070137977600097656 13.316639900207519531 3.3282806873321533203 14.02268218994140625 13.582471847534179688 5.9913821220397949219
6.3618860244750976563 5.6603384017944335938 7.2950015068054199219 13.841211318969726563 7.747005462646484375 7.588520050048828125 7.7381639480590820313 7.9127736091613769531 7.9773187637329101563 7.9835262298583984375 13.678529739379882813 14.244488716125488281 14.030600547790527344 13.719972610473632813 14.348624229431152344 13.947432518005371094 4.5663666725158691406 8.1243181228637695313 7.801666259765625 3.6117906570434570313 8.0084133148193359375 8.0505247116088867188 7.9504017829895019531 7.6956949234008789063 7.2680430412292480469 7.4229283332824707031 4.2503294944763183594 4.0228171348571777344 14.378843307495117188 8.0044403076171875 13.884472846984863281 7.9757828712463378906 6.781482696533203125 6.9081239700317382813 7.2022943496704101563 12.856882095336914063 3.6890363693237304688 3.8299746513366699219 3.5359354019165039063 6.5761594772338867188
14.009234428405761719 13.878920555114746094 7.1012296676635742188 7.6925292015075683594 7.4473810195922851563 8.2785053253173828125 8.0739355087280273438 8.11133575439453125 8.1630163192749023438 13.928165435791015625 8.1011571884155273438 14.446913719177246094 14.39349365234375 13.723093032836914063 14.249454498291015625 13.859080314636230469 14.287517547607421875 14.263955116271972656 7.6671013832092285156 13.986204147338867188 14.015603065490722656 8.058490753173828125 8.0420074462890625 7.7379484176635742188 5.770206451416015625 7.9200487136840820313 14.13106536865234375 7.7315850257873535156 14.304591178894042969 14.50757598876953125 13.875364303588867188 13.885304450988769531 6.9334197044372558594 7.94677734375 7.729167938232421875 14.064667701721191406 14.04387664794921875 14.121577262878417969 13.250274658203125 13.01468658447265625
13.753894805908203125 8.00676727294921875 7.1410784721374511719 7.59600830078125 7.8025631904602050781 7.9662694931030273438 7.9750981330871582031 7.4716978073120117188 13.897251129150390625 14.526714324951171875 14.446502685546875 14.385090827941894531 14.383992195129394531 4.3912119865417480469 7.8503742218017578125 6.778881072998046875 14.078966140747070313 14.453073501586914063 14.326023101806640625 14.3216705322265625 7.9232125282287597656 13.850351333618164063 7.9123444557189941406 7.9499239921569824219 7.6255879402160644531 7.8265986442565917969 8.0027818679809570313 8.1582536697387695313 8.1129398345947265625 14.5352325439453125 14.2857208251953125 8.1385126113891601563 7.9766287803649902344 14.307649612426757813 14.360576629638671875 13.944757461547851563 7.9151434898376464844 14.372948646545410156 7.5752625465393066406 7.0737557411193847656
14.141203880310058594 8.1905145645141601563 7.4506807327270507813 7.3599071502685546875 8.1880464553833007813 7.9596347808837890625 7.9528150558471679688 7.7626261711120605469 14.236884117126464844 14.134427070617675781 14.239592552185058594 14.147377967834472656 14.167960166931152344 13.981799125671386719 13.780000686645507813 7.3676295280456542969 7.9397873878479003906 14.199310302734375 14.46712493896484375 14.351083755493164063 14.334605216979980469 13.458543777465820313 7.9356837272644042969 7.9727830886840820313 8.198383331298828125 7.8910813331604003906 7.90979766845703125 7.5228166580200195313 7.9338622093200683594 8.1491718292236328125 14.3770751953125 14.529236793518066406 14.523869514465332031 14.364798545837402344 14.222742080688476563 7.9438309669494628906 14.354112625122070313 7.7446122169494628906 7.4627604484558105469 13.590473175048828125
13.715189933776855469 7.4348301887512207031 7.07733917236328125 6.9224143028259277344 7.8861627578735351563 8.1228666305541992188 7.1720232963562011719 7.22733306884765625 7.4692230224609375 14.036200523376464844 7.8210444450378417969 14.219370841979980469 14.371018409729003906 13.810652732849121094 7.1117262840270996094 5.9878082275390625 7.9219012260437011719 14.439488410949707031 14.533344268798828125 7.9530520439147949219 13.841967582702636719 7.8555102348327636719 8.0515165328979492188 7.6829562187194824219 8.1244878768920898438 7.9251317977905273438 14.0210418701171875 13.38299560546875 14.348008155822753906 8.1146001815795898438 14.547049522399902344 14.658247947692871094 8.2981557846069335938 8.3763971328735351563 7.9987573623657226563 7.4705843925476074219 7.9217114448547363281 8.0668172836303710938 7.4190587997436523438 14.165966033935546875
13.736649513244628906 7.8940434455871582031 7.8700528144836425781 7.133998870849609375 7.9381451606750488281 7.7512378692626953125 7.593173980712890625 6.4156708717346191406 7.5180611610412597656 7.864742279052734375 7.9244699478149414063 13.606638908386230469 14.355525016784667969 7.9372014999389648438 7.8211879730224609375 7.5518217086791992188 14.248548507690429688 14.268681526184082031 14.439200401306152344 14.13995361328125 14.270421981811523438 7.9745440483093261719 7.6692514419555664063 7.7127695083618164063 8.0901031494140625 8.0861663818359375 13.843583106994628906 4.1381597518920898438 13.983461380004882813 14.309757232666015625 4.4432492256164550781 14.446542739868164063 8.3317022323608398438 8.0279359817504882813 8.0924739837646484375 14.357983589172363281 14.102620124816894531 14.152873992919921875 7.5944743156433105469 14.018194198608398438
13.832825660705566406 7.7051844596862792969 7.7768030166625976563 6.5846185684204101563 7.1248517036437988281 7.2776288986206054688 7.5837006568908691406 7.0284867286682128906 7.5334339141845703125 7.1414575576782226563 7.5470042228698730469 13.840287208557128906 7.6813745498657226563 7.9481630325317382813 7.9045686721801757813 13.866127967834472656 14.266719818115234375 14.303845405578613281 14.298662185668945313 14.146080970764160156 13.937083244323730469 7.1429810523986816406 14.068624496459960938 7.9151859283447265625 8.0651302337646484375 13.527951240539550781 4.3564286231994628906 14.257376670837402344 14.012646675109863281 14.03040313720703125 13.533881187438964844 8.1879224777221679688 8.1477651596069335938 8.0366830825805664063 14.227339744567871094 13.740960121154785156 8.1328039169311523438 14.199892044067382813 7.9320406913757324219 13.750162124633789063
4.683666229248046875 14.316311836242675781 13.571927070617675781 6.9145598411560058594 7.623088836669921875 7.5389866828918457031 7.0903916358947753906 7.5778903961181640625 7.5901594161987304688 7.4977574348449707031 7.4937233924865722656 7.2779912948608398438 13.722487449645996094 7.7481479644775390625 8.0474071502685546875 14.019293785095214844 4.5400786399841308594 14.145819664001464844 13.905248641967773438 13.870142936706542969 14.131636619567871094 4.1480498313903808594 7.3382387161254882813 14.10677337646484375 7.7058544158935546875 12.665789604187011719 13.98571014404296875 14.122431755065917969 4.4283194541931152344 7.70153045654296875 13.918068885803222656 14.096318244934082031 7.8574171066284179688 7.3730573654174804688 7.4678301811218261719 7.333751678466796875 7.9426851272583007813 8.1890716552734375 7.9142079353332519531 7.6937642097473144531
4.2034912109375 14.026791572570800781 14.333684921264648438 7.2656197547912597656 7.1939978599548339844 7.7158460617065429688 8.0118227005004882813 7.6742925643920898438 7.0083189010620117188 6.69661712646484375 13.524320602416992188 13.185299873352050781 3.8037734031677246094 14.202032089233398438 8.041149139404296875 14.205768585205078125 13.77428436279296875 14.171799659729003906 13.593633651733398438 4.4803833961486816406 14.070852279663085938 14.223913192749023438 13.790271759033203125 13.322101593017578125 7.6367578506469726563 12.893908500671386719 13.135550498962402344 14.235945701599121094 8.14580535888671875 14.005303382873535156 8.097042083740234375 7.9210996627807617188 7.5646882057189941406 7.519443511962890625 7.6496753692626953125 8.026885986328125 7.4884934425354003906 7.575908660888671875 7.9052114486694335938 7.966106414794921875
