inst/extdata/vignette-results/Results/continuous.asc
ncols        50
nrows        50
xllcorner    0.000000000000
yllcorner    0.000000000000
cellsize     0.500000000000
NODATA_value nan
[rows 18 to 35 of 50, columns 0 to 41 of 50]
137.556732177734375 113.7496337890625 133.606719970703125 101.39007568359375 114.0059814453125 140.384613037109375 154.9720306396484375 125.141632080078125 107.35881805419921875 106.02721405029296875 122.8179931640625 157.3776397705078125 132.0930938720703125 127.4615936279296875 142.327117919921875 107.0791473388671875 132.961181640625 150.5339202880859375 149.2974700927734375 166.432647705078125 146.4052886962890625 154.2595367431640625 165.944122314453125 145.4744720458984375 120.794158935546875 119.39328765869140625 102.943267822265625 143.1900787353515625 84.211456298828125 136.6181488037109375 126.547088623046875 134.537353515625 141.88531494140625 139.2237701416015625 136.9300537109375 116.16875457763671875 143.586273193359375 150.1479034423828125 142.2257080078125 127.984588623046875 106.6727447509765625 153.7390594482421875
128.658477783203125 109.918731689453125 110.7880401611328125 83.01654052734375 114.644073486328125 132.637908935546875 140.56964111328125 153.7521514892578125 140.7707366943359375 134.1337127685546875 146.954833984375 162.930267333984375 133.486480712890625 109.465484619140625 152.1017608642578125 116.42987060546875 129.98870849609375 147.166107177734375 139.105621337890625 178.6029205322265625 165.2458343505859375 147.1638336181640625 167.935516357421875 135.5033111572265625 116.7247467041015625 81.3934478759765625 107.6719970703125 118.23778533935546875 126.15985107421875 123.55084991455078125 141.425323486328125 149.8098602294921875 140.8542938232421875 125.66153717041015625 33.117778778076171875 98.4619598388671875 159.2681732177734375 153.013763427734375 125.871063232421875 114.9444732666015625 85.60056304931640625 75.5138092041015625
143.437835693359375 126.25844573974609375 148.3670806884765625 115.88452911376953125 134.59442138671875 118.54094696044921875 144.0419158935546875 158.1515960693359375 133.8906402587890625 143.83673095703125 127.331207275390625 179.2957000732421875 149.2579193115234375 125.6246185302734375 135.0151824951171875 128.7870941162109375 153.059967041015625 122.76348876953125 133.98724365234375 146.8292388916015625 139.3009185791015625 170.3736724853515625 172.1822357177734375 132.9415435791015625 118.201141357421875 123.4078826904296875 130.843658447265625 137.2533416748046875 155.4685211181640625 151.16510009765625 135.7966766357421875 125.01799774169921875 146.7336578369140625 111.66695404052734375 45.68619537353515625 95.55484771728515625 148.846160888671875 121.26172637939453125 129.841705322265625 124.027435302734375 102.64495849609375 103.37896728515625
123.7421875 131.0401153564453125 132.3972625732421875 150.348175048828125 148.068267822265625 161.806488037109375 152.18353271484375 127.31438446044921875 144.3604736328125 138.9652099609375 131.8693695068359375 131.244598388671875 130.3438873291015625 158.956146240234375 148.39764404296875 94.74068450927734375 138.791046142578125 124.00739288330078125 133.2691650390625 153.4201507568359375 137.741912841796875 157.84344482421875 156.6668701171875 144.9593353271484375 134.9363250732421875 74.23873138427734375 110.6490020751953125 124.54654693603515625 157.50732421875 70.185577392578125 117.78328704833984375 135.3385467529296875 143.099151611328125 149.537933349609375 130.819000244140625 137.772552490234375 93.46453857421875 78.38739776611328125 47.5501861572265625 88.07889556884765625 88.9766387939453125 139.8447723388671875
120.771484375 109.3319091796875 68.2665557861328125 123.4591217041015625 132.016998291015625 146.7652130126953125 153.117279052734375 131.137786865234375 124.74745941162109375 148.50274658203125 156.6485443115234375 163.212799072265625 133.76312255859375 159.154632568359375 140.1869354248046875 135.19024658203125 152.8671112060546875 150.92559814453125 122.5211944580078125 138.8144073486328125 128.884063720703125 130.2785491943359375 152.4603424072265625 135.4186553955078125 98.34845733642578125 93.30724334716796875 81.0666351318359375 119.821075439453125 133.473785400390625 140.21820068359375 140.685760498046875 164.0600128173828125 153.2239227294921875 149.84405517578125 171.5913848876953125 167.3157958984375 114.07259368896484375 123.11788177490234375 105.45107269287109375 105.9156494140625 91.88763427734375 109.6546478271484375
147.315155029296875 137.2806549072265625 118.04392242431640625 141.8805084228515625 140.9419097900390625 147.596038818359375 144.932647705078125 53.0416107177734375 140.87274169921875 146.823577880859375 152.8823394775390625 158.4798736572265625 143.9935150146484375 131.472320556640625 143.9721221923828125 123.43364715576171875 134.145172119140625 145.1374359130859375 126.70685577392578125 115.94261932373046875 122.02819061279296875 105.282806396484375 174.3759002685546875 146.863800048828125 82.3661041259765625 81.50528717041015625 108.92708587646484375 103.72142791748046875 135.400665283203125 153.8384246826171875 172.70208740234375 155.1677398681640625 159.58355712890625 162.4220123291015625 181.2962799072265625 164.975982666015625 144.0045928955078125 165.124267578125 161.6595306396484375 131.06201171875 124.74823760986328125 87.99652862548828125
163.6185455322265625 148.60302734375 141.2042388916015625 115.9019012451171875 140.6396026611328125 164.0973663330078125 113.90869903564453125 102.70946502685546875 115.07984161376953125 146.9061279296875 161.8621826171875 141.05206298828125 152.826934814453125 141.0090484619140625 147.57904052734375 139.7835235595703125 81.68335723876953125 88.08782958984375 89.54058837890625 90.40814971923828125 99.0555877685546875 151.5112457275390625 173.8774566650390625 156.373016357421875 145.007049560546875 114.313079833984375 89.540191650390625 159.316680908203125 143.7483062744140625 153.1337738037109375 151.068572998046875 165.5074615478515625 160.4720001220703125 172.395294189453125 164.4745941162109375 169.0131683349609375 138.787200927734375 168.3616943359375 161.801239013671875 128.9028167724609375 135.057342529296875 104.6914825439453125
170.16168212890625 173.186981201171875 161.135772705078125 145.6511383056640625 143.004791259765625 122.75135040283203125 148.557830810546875 113.4109954833984375 106.84674072265625 123.8272247314453125 157.4071197509765625 136.6267547607421875 152.72222900390625 146.8185577392578125 157.236602783203125 135.830352783203125 89.48441314697265625 81.541229248046875 101.69716644287109375 137.471588134765625 117.0902099609375 77.63130950927734375 139.111328125 150.25445556640625 147.7856597900390625 119.18607330322265625 125.1296844482421875 135.6481781005859375 120.25435638427734375 158.9178314208984375 171.3142547607421875 176.6668853759765625 184.3628387451171875 170.2781524658203125 178.5728912353515625 173.1893768310546875 153.4621429443359375 152.03790283203125 164.306884765625 170.3798065185546875 149.4692840576171875 145.2032318115234375
160.711517333984375 165.1462249755859375 155.8509979248046875 158.50762939453125 147.59765625 141.7960357666015625 143.942352294921875 146.52569580078125 121.32032012939453125 139.896820068359375 139.7534027099609375 149.0304412841796875 139.39996337890625 149.10736083984375 146.2415313720703125 108.089630126953125 100.6545867919921875 83.9832763671875 124.81220245361328125 153.5833892822265625 158.0120697021484375 100.9493865966796875 118.8737640380859375 156.8884429931640625 139.52044677734375 138.8113555908203125 117.11930084228515625 128.54583740234375 132.127899169921875 120.10391998291015625 163.1960601806640625 172.273345947265625 172.5001373291015625 192.79730224609375 183.9827423095703125 166.0405731201171875 170.253662109375 142.900115966796875 159.79595947265625 180.31781005859375 180.798431396484375 170.3492889404296875
176.706817626953125 182.92523193359375 161.1623077392578125 151.3035125732421875 144.982666015625 151.9564971923828125 145.42498779296875 135.05438232421875 130.0718994140625 129.5486907958984375 156.99609375 127.34964752197265625 142.465667724609375 155.6715545654296875 116.2872161865234375 146.716339111328125 119.5462188720703125 114.810546875 142.07586669921875 165.0025787353515625 127.3625030517578125 123.3023681640625 132.24664306640625 147.452880859375 161.84356689453125 157.5987091064453125 143.8350830078125 153.6908111572265625 112.32288360595703125 127.72137451171875 149.5338287353515625 130.2000732421875 171.28424072265625 169.2434539794921875 163.4173736572265625 173.5713653564453125 163.2857666015625 159.73052978515625 166.555389404296875 174.158203125 159.01263427734375 129.7400665283203125
143.6226959228515625 149.7680816650390625 165.62139892578125 147.5979461669921875 156.8470001220703125 87.31812286376953125 120.81941986083984375 116.4553985595703125 109.438323974609375 147.6115875244140625 117.69586181640625 101.5822296142578125 110.2425079345703125 155.5686798095703125 126.89537811279296875 150.5876922607421875 123.193878173828125 125.53240966796875 148.7346954345703125 144.8174591064453125 143.282867431640625 122.47714996337890625 124.1635284423828125 145.4356842041015625 182.1128997802734375 134.531097412109375 136.287200927734375 145.749481201171875 121.3947601318359375 88.99033355712890625 149.9169464111328125 149.498565673828125 168.80682373046875 132.528411865234375 145.8676910400390625 140.515594482421875 141.7216796875 136.9299163818359375 167.3370513916015625 171.325775146484375 143.6287841796875 149.7815704345703125
154.5279388427734375 127.51168060302734375 164.7811431884765625 151.666839599609375 142.0255279541015625 130.982666015625 130.257049560546875 156.0740203857421875 148.986419677734375 84.1729278564453125 101.65628814697265625 111.4492645263671875 111.604400634765625 135.240081787109375 139.2035675048828125 171.323822021484375 139.65545654296875 100.4564666748046875 118.99868011474609375 119.49846649169921875 134.3007049560546875 150.9399566650390625 135.084991455078125 132.283935546875 150.488250732421875 140.641815185546875 127.87006378173828125 110.14105224609375 116.256011962890625 81.86325836181640625 123.37792205810546875 112.92595672607421875 130.1295166015625 121.062530517578125 114.7685699462890625 146.842498779296875 134.884918212890625 113.1293792724609375 152.461029052734375 166.18048095703125 161.3697052001953125 155.8629150390625
135.584930419921875 105.1201171875 156.7436370849609375 159.426910400390625 105.52703857421875 131.5173187255859375 132.0576324462890625 144.1829681396484375 128.0335540771484375 136.0561370849609375 127.79156494140625 135.1491241455078125 133.6496429443359375 145.0401153564453125 153.6083984375 159.21087646484375 133.0647430419921875 131.216949462890625 97.77184295654296875 115.979644775390625 117.99253082275390625 162.9437713623046875 133.3753814697265625 130.44891357421875 103.79506683349609375 136.563201904296875 135.2659149169921875 154.3595733642578125 133.512237548828125 111.4471893310546875 112.56653594970703125 83.5003204345703125 84.9202423095703125 114.21710205078125 129.2686614990234375 132.755584716796875 115.5975189208984375 145.103118896484375 156.361175537109375 159.57586669921875 174.4656982421875 160.640106201171875
155.828369140625 157.2359466552734375 166.10845947265625 168.9980621337890625 136.8950653076171875 114.99805450439453125 164.1032867431640625 162.832061767578125 156.153900146484375 142.1542510986328125 140.967620849609375 129.5563507080078125 113.38986968994140625 152.4815216064453125 165.40350341796875 180.34869384765625 134.39642333984375 102.9007415771484375 82.3846588134765625 132.039031982421875 151.2736358642578125 138.8832550048828125 123.20067596435546875 148.0317840576171875 114.78859710693359375 134.1600799560546875 142.9892730712890625 164.65185546875 116.36382293701171875 116.048553466796875 78.46939849853515625 28.372234344482421875 82.17942047119140625 54.3394622802734375 128.2281036376953125 156.1100006103515625 134.410247802734375 121.59307861328125 157.7153778076171875 133.7981414794921875 154.651947021484375 170.4473419189453125
155.1163177490234375 136.361602783203125 137.956695556640625 164.9330596923828125 133.189422607421875 144.768280029296875 151.776885986328125 176.10406494140625 154.5244598388671875 138.2984619140625 134.2086639404296875 159.124237060546875 115.4179534912109375 133.2608489990234375 140.959259033203125 153.3282318115234375 126.97878265380859375 125.075958251953125 102.9511260986328125 135.6723785400390625 124.90633392333984375 130.30303955078125 148.6404876708984375 146.6562042236328125 118.99700164794921875 119.4493408203125 151.2097015380859375 149.1679534912109375 144.9563140869140625 120.8318023681640625 131.3117218017578125 101.6492156982421875 71.9554595947265625 125.54055023193359375 118.72176361083984375 115.10330963134765625 138.1738433837890625 134.755828857421875 151.7264556884765625 143.14337158203125 164.174285888671875 159.9112701416015625
151.6324615478515625 147.013092041015625 143.4362945556640625 174.0489349365234375 165.12762451171875 161.6038360595703125 152.14111328125 167.06793212890625 153.987213134765625 164.772979736328125 153.5026397705078125 151.3400115966796875 148.102783203125 132.4209747314453125 135.63397216796875 150.2996063232421875 125.26616668701171875 121.475311279296875 122.03005218505859375 135.2411346435546875 147.201019287109375 164.7401275634765625 140.2801513671875 134.8818817138671875 121.77399444580078125 161.238800048828125 137.609893798828125 126.15761566162109375 143.441131591796875 142.4765625 161.0865020751953125 105.547393798828125 111.64559173583984375 124.69113922119140625 128.8722381591796875 154.9706268310546875 113.69518280029296875 131.1699676513671875 133.6485595703125 154.6565399169921875 160.2854766845703125 165.129730224609375
103.06441497802734375 120.104278564453125 160.082672119140625 169.1333465576171875 150.5900115966796875 153.790130615234375 165.8438568115234375 152.361846923828125 151.89337158203125 155.2157745361328125 155.3507232666015625 161.5947113037109375 155.58868408203125 144.924957275390625 123.6200714111328125 143.083953857421875 122.4206390380859375 135.2596893310546875 148.6377410888671875 150.13397216796875 136.248046875 148.7391204833984375 160.021942138671875 137.90576171875 146.98175048828125 175.9412078857421875 144.8425445556640625 136.8725738525390625 132.4903106689453125 147.1833038330078125 148.0687103271484375 138.5759735107421875 138.763427734375 159.0577239990234375 156.1987152099609375 160.14312744140625 132.843505859375 105.35849761962890625 134.9519195556640625 147.54144287109375 138.849090576171875 149.20587158203125
146.1939697265625 142.675506591796875 118.101776123046875 161.9037322998046875 163.6076812744140625 146.510040283203125 127.05138397216796875 148.4182586669921875 167.4504547119140625 172.53106689453125 161.3315277099609375 168.52618408203125 160.4381561279296875 130.99664306640625 124.2491912841796875 130.6916351318359375 153.8128204345703125 133.3617095947265625 159.4882965087890625 128.1770782470703125 140.1467437744140625 129.1681060791015625 153.2366180419921875 165.929901123046875 150.0282745361328125 173.070281982421875 169.3880157470703125 128.116912841796875 111.92031097412109375 143.83038330078125 118.1856689453125 134.454742431640625 152.8560943603515625 154.476654052734375 149.4856109619140625 125.64109039306640625 155.5245361328125 152.436676025390625 135.5889739990234375 130.9958953857421875 169.3999786376953125 147.060150146484375
