inst/extdata/vignette-results/Results/continuous.asc
ncols        50
nrows        50
xllcorner    0.000000000000
yllcorner    0.000000000000
cellsize     0.500000000000
NODATA_value nan
[rows 0 to 17 of 50, columns 0 to 41 of 50]
155.01507568359375 133.5264434814453125 142.93426513671875 103.59455108642578125 118.017242431640625 117.48415374755859375 160.8469390869140625 164.875274658203125 141.789947509765625 154.90087890625 144.3558197021484375 139.6654815673828125 149.201416015625 158.43353271484375 151.631805419921875 168.84539794921875 152.1996917724609375 147.43707275390625 146.3954620361328125 98.91172027587890625 139.4166717529296875 123.5545654296875 109.57350921630859375 81.1888427734375 143.3786773681640625 148.9937591552734375 130.7498931884765625 87.787628173828125 136.6663818359375 98.9296875 116.5986480712890625 142.2841949462890625 139.2886505126953125 111.2424468994140625 112.784332275390625 109.46331024169921875 117.789825439453125 126.267822265625 128.0992889404296875 129.548736572265625 152.64715576171875 139.6084442138671875
104.52405548095703125 119.855804443359375 121.8159942626953125 103.84912109375 118.54015350341796875 118.757171630859375 143.8464202880859375 164.4550323486328125 155.9558258056640625 171.068145751953125 159.107208251953125 162.2906494140625 136.4399871826171875 88.53395843505859375 136.6072235107421875 144.8787841796875 145.8804473876953125 101.67316436767578125 126.99268341064453125 155.784332275390625 154.5599365234375 143.3413238525390625 116.644805908203125 129.198455810546875 122.74932861328125 131.671600341796875 57.39969635009765625 89.79990386962890625 90.4918975830078125 95.64565277099609375 86.36595916748046875 89.1798858642578125 112.35418701171875 92.82576751708984375 67.36869049072265625 77.5050201416015625 99.674163818359375 125.45406341552734375 140.8604278564453125 133.511932373046875 146.9759521484375 176.0035552978515625
100.52819061279296875 115.37226104736328125 127.30867767333984375 130.6799468994140625 95.4803619384765625 144.5128631591796875 167.5337677001953125 161.2740325927734375 169.8704376220703125 175.7818450927734375 145.9413604736328125 137.94781494140625 126.8170166015625 109.731201171875 154.685455322265625 117.8451995849609375 91.14697265625 128.43157958984375 151.1265716552734375 152.1908721923828125 145.1128082275390625 145.78753662109375 150.7789154052734375 127.03778076171875 151.2388763427734375 132.1275787353515625 131.2890167236328125 122.5501556396484375 134.0064239501953125 124.66156768798828125 92.37868499755859375 93.03961181640625 88.0412750244140625 81.758880615234375 100.1145782470703125 99.72415924072265625 99.00311279296875 128.2141265869140625 172.3305511474609375 161.7658843994140625 120.8123931884765625 126.24498748779296875
92.98860931396484375 125.528594970703125 147.72296142578125 147.37713623046875 129.715362548828125 128.2856903076171875 144.53564453125 155.0755462646484375 132.1172943115234375 161.2645416259765625 164.300872802734375 142.429473876953125 138.21636962890625 128.0585479736328125 137.362396240234375 116.5553741455078125 135.54071044921875 143.975311279296875 167.9934539794921875 140.36700439453125 121.287567138671875 108.64485931396484375 118.81052398681640625 134.7659454345703125 145.943145751953125 137.1650543212890625 110.22280120849609375 93.3083343505859375 98.5595550537109375 93.7023468017578125 89.08162689208984375 68.44666290283203125 62.3093109130859375 24.279388427734375 60.38286590576171875 115.0504913330078125 134.5452728271484375 130.756317138671875 140.8407135009765625 161.6937713623046875 137.896270751953125 130.7698516845703125
122.94335174560546875 152.5067138671875 148.4001007080078125 159.1190643310546875 150.3350982666015625 135.5875244140625 136.2740325927734375 160.639739990234375 149.7747650146484375 145.1568145751953125 142.669830322265625 164.7352447509765625 147.947021484375 151.91217041015625 140.5234222412109375 148.2252044677734375 142.3995208740234375 152.2220611572265625 148.387420654296875 143.1955413818359375 144.1599884033203125 63.816463470458984375 118.74675750732421875 144.029144287109375 156.27215576171875 148.6739959716796875 115.58852386474609375 122.07012939453125 123.8672943115234375 125.49405670166015625 109.97241973876953125 67.91156005859375 33.199810028076171875 71.905426025390625 78.5622406005859375 67.35094451904296875 151.8337554931640625 159.93804931640625 157.0363616943359375 121.04582977294921875 116.15057373046875 89.0438690185546875
147.18603515625 159.953094482421875 156.9159698486328125 159.267242431640625 139.8509063720703125 154.6092681884765625 137.117645263671875 138.3227081298828125 138.227142333984375 156.2842864990234375 137.335693359375 137.1647186279296875 129.1748199462890625 154.6290435791015625 152.8290557861328125 142.7097015380859375 163.7472991943359375 170.507476806640625 152.2155303955078125 147.818023681640625 105.7514190673828125 98.6589202880859375 149.68792724609375 150.573028564453125 132.56787109375 147.8059234619140625 135.5400543212890625 110.66655731201171875 82.22643280029296875 131.59600830078125 120.81641387939453125 114.74025726318359375 79.55869293212890625 104.7887420654296875 42.959377288818359375 115.04941558837890625 112.2313995361328125 136.29608154296875 131.1369171142578125 86.1121826171875 85.6583709716796875 108.09470367431640625
124.12804412841796875 136.213775634765625 141.8109588623046875 138.323944091796875 135.247802734375 129.52392578125 171.24163818359375 160.4550018310546875 167.3707122802734375 146.7223358154296875 154.2821807861328125 160.3631439208984375 138.24176025390625 164.1452178955078125 160.39483642578125 154.7869110107421875 155.4290618896484375 162.999908447265625 159.0957794189453125 150.4547271728515625 138.320648193359375 147.0330963134765625 158.719329833984375 162.1083984375 139.03448486328125 148.5911712646484375 144.1852874755859375 114.7127685546875 61.828830718994140625 84.5502471923828125 115.58040618896484375 117.26551055908203125 121.6939239501953125 111.0582122802734375 1 103.4023895263671875 138.541259765625 94.30145263671875 61.65875244140625 112.6639862060546875 124.142669677734375 108.66091156005859375
92.02864837646484375 164.470123291015625 143.434173583984375 103.69329833984375 136.77874755859375 148.6652984619140625 160.5747833251953125 153.297943115234375 164.2868804931640625 162.1776580810546875 149.6292877197265625 159.0814666748046875 164.1707000732421875 149.5260162353515625 162.797882080078125 162.220550537109375 160.3901214599609375 135.384246826171875 164.9892425537109375 139.3397064208984375 137.91943359375 149.732513427734375 155.8112945556640625 139.04400634765625 154.8513641357421875 137.6408843994140625 134.697967529296875 150.1140899658203125 104.42560577392578125 129.45654296875 140.9873809814453125 122.73644256591796875 127.7649993896484375 81.79534912109375 126.1725006103515625 135.5160675048828125 128.141693115234375 100.62180328369140625 96.23525238037109375 140.3825531005859375 115.89781951904296875 85.28041839599609375
144.1437530517578125 129.988494873046875 134.0797271728515625 104.11466217041015625 149.900970458984375 168.93170166015625 171.239898681640625 155.7209930419921875 163.3348236083984375 174.95660400390625 143.358245849609375 179.213134765625 177.7277374267578125 148.927764892578125 134.4235992431640625 138.24700927734375 155.3068389892578125 146.812164306640625 142.704681396484375 136.3636474609375 133.772003173828125 142.9581146240234375 147.1466217041015625 132.8001708984375 128.162841796875 121.54628753662109375 146.03759765625 128.2226104736328125 105.38730621337890625 145.702728271484375 143.922210693359375 144.49957275390625 114.7738494873046875 84.0660400390625 100.39781951904296875 138.316192626953125 148.53472900390625 107.28342437744140625 111.76025390625 113.3060760498046875 121.756591796875 136.5721435546875
115.15236663818359375 114.46939849853515625 105.9099884033203125 128.5066986083984375 147.57275390625 163.440887451171875 150.36578369140625 142.1118927001953125 145.2855987548828125 165.60028076171875 158.92034912109375 152.2025604248046875 127.16828155517578125 141.6704559326171875 119.28438568115234375 123.359161376953125 115.5444183349609375 134.5982818603515625 114.38565826416015625 101.92484283447265625 153.7122650146484375 142.5247650146484375 146.9216461181640625 128.0329132080078125 104.7919464111328125 141.774322509765625 141.5637969970703125 163.00872802734375 147.7733154296875 142.128021240234375 153.098846435546875 163.2144012451171875 159.604034423828125 155.978729248046875 138.5634002685546875 125.74961090087890625 109.36666107177734375 141.0958709716796875 113.4347076416015625 124.07048797607421875 120.3707275390625 149.6291961669921875
107.15734100341796875 28.873353958129882813 70.30509185791015625 130.1055755615234375 163.1582794189453125 141.3835906982421875 168.49462890625 161.8704071044921875 143.7211761474609375 158.7382049560546875 136.1383514404296875 140.6564483642578125 108.44611358642578125 127.69916534423828125 144.637176513671875 129.0827789306640625 142.5623779296875 133.842254638671875 144.35906982421875 116.7439422607421875 157.5139617919921875 144.7818450927734375 120.5744171142578125 137.8094635009765625 125.66162109375 160.6518707275390625 159.702880859375 151.883392333984375 147.8636016845703125 122.36992645263671875 164.1715240478515625 155.5378265380859375 145.0135650634765625 146.3300018310546875 166.914337158203125 126.77666473388671875 155.9293060302734375 157.61785888671875 147.1288604736328125 159.7541351318359375 91.25144195556640625 147.6564178466796875
93.5116424560546875 62.10585784912109375 103.0348663330078125 147.6380462646484375 136.92291259765625 140.947723388671875 167.3065185546875 162.194671630859375 146.102325439453125 115.1124420166015625 130.9878387451171875 89.349365234375 41.785083770751953125 119.11481475830078125 120.54976654052734375 138.3009185791015625 118.51367950439453125 139.03643798828125 138.979095458984375 147.4078216552734375 134.7973480224609375 160.2415313720703125 140.1411895751953125 112.89189910888671875 85.61710357666015625 114.10179901123046875 81.7176361083984375 148.8689727783203125 152.147369384765625 139.6844329833984375 168.4076690673828125 173.4886016845703125 164.340057373046875 152.2451171875 150.2109375 146.8752288818359375 122.67032623291015625 167.9908599853515625 148.82183837890625 116.79326629638671875 127.96469879150390625 159.226837158203125
139.362213134765625 108.9275665283203125 125.23865509033203125 141.2471771240234375 114.8428192138671875 147.7641143798828125 170.77288818359375 175.9465484619140625 143.758514404296875 109.74057769775390625 102.948638916015625 39.736789703369140625 98.2514801025390625 111.13347625732421875 135.728851318359375 127.27565765380859375 119.2085723876953125 141.3755340576171875 139.4251861572265625 129.95074462890625 148.64599609375 128.8523406982421875 116.8504791259765625 80.479278564453125 106.05548858642578125 130.246795654296875 59.477779388427734375 145.049407958984375 172.10308837890625 160.2714691162109375 166.5333404541015625 173.149017333984375 168.97503662109375 154.16204833984375 132.9038848876953125 143.068634033203125 147.8144683837890625 131.8379974365234375 158.6953582763671875 131.74090576171875 153.4140777587890625 163.100921630859375
151.4207000732421875 117.773468017578125 105.694976806640625 142.058746337890625 147.4147491455078125 152.22027587890625 166.27728271484375 171.1063995361328125 157.5455169677734375 121.91675567626953125 83.93761444091796875 82.1012420654296875 71.21274566650390625 85.25356292724609375 121.79080963134765625 100.08712005615234375 125.302764892578125 152.50164794921875 128.423797607421875 151.560943603515625 81.03619384765625 130.0484771728515625 151.381134033203125 114.68479156494140625 136.0520172119140625 113.9412078857421875 140.545623779296875 153.2592926025390625 167.0084075927734375 154.020904541015625 166.13909912109375 162.822052001953125 126.5938262939453125 140.22906494140625 130.872467041015625 142.696868896484375 143.1273345947265625 129.3018035888671875 133.8047637939453125 129.68182373046875 137.767608642578125 133.1266021728515625
117.77123260498046875 109.6724700927734375 107.0227813720703125 105.53104400634765625 121.64424896240234375 127.57740020751953125 146.9237823486328125 132.2823486328125 122.7795257568359375 117.5722198486328125 120.50673675537109375 76.55810546875 47.02335357666015625 108.3836517333984375 135.410919189453125 124.58182525634765625 95.8266448974609375 125.53572845458984375 138.0738525390625 118.68328857421875 109.74286651611328125 22.11529541015625 142.037506103515625 154.0546112060546875 156.205322265625 118.159698486328125 154.2237396240234375 129.104888916015625 164.51165771484375 118.933563232421875 129.988189697265625 87.1224822998046875 85.76312255859375 64.08827972412109375 110.71483612060546875 115.60774993896484375 149.357147216796875 103.14527130126953125 68.55963897705078125 139.58929443359375 129.8695068359375 92.369354248046875
127.14764404296875 130.076446533203125 115.43450164794921875 102.98300933837890625 123.55517578125 134.2770538330078125 169.80389404296875 128.7053070068359375 114.69857025146484375 113.167449951171875 109.35024261474609375 55.873504638671875 95.0004119873046875 127.93414306640625 158.55303955078125 149.5139923095703125 118.015350341796875 109.24617767333984375 118.489959716796875 153.0129241943359375 149.461151123046875 147.63922119140625 148.8639984130859375 129.328582763671875 171.7917938232421875 138.9587249755859375 155.09832763671875 119.98361968994140625 142.4842376708984375 156.921051025390625 112.3934326171875 88.5014495849609375 118.32897186279296875 109.99951934814453125 94.99335479736328125 117.43780517578125 127.8896026611328125 117.650177001953125 145.1647186279296875 133.4034271240234375 109.7462005615234375 94.55757904052734375
116.686309814453125 122.22208404541015625 140.2996063232421875 76.36580657958984375 127.72806549072265625 159.9505462646484375 165.168365478515625 127.83162689208984375 111.28398895263671875 94.28098297119140625 98.66361236572265625 98.18354034423828125 104.1746826171875 122.083831787109375 105.57506561279296875 131.9196929931640625 113.19570159912109375 98.88188934326171875 136.458740234375 143.0444183349609375 155.512664794921875 129.801971435546875 129.9434967041015625 151.389801025390625 143.9340667724609375 151.488983154296875 141.2479248046875 137.4371185302734375 134.4376068115234375 120.57933807373046875 124.78180694580078125 128.3080902099609375 123.33737945556640625 126.922821044921875 142.0908660888671875 141.8436431884765625 154.4046173095703125 150.209197998046875 150.8757781982421875 141.355743408203125 117.7402496337890625 120.40093994140625
136.310028076171875 116.3214111328125 136.2720947265625 127.2022247314453125 146.3758087158203125 160.206695556640625 142.1710052490234375 150.5508880615234375 141.086578369140625 113.509613037109375 102.341064453125 155.488250732421875 122.66323089599609375 137.942779541015625 134.4521636962890625 123.55157470703125 106.76641845703125 99.66599273681640625 142.2633209228515625 139.858856201171875 129.6356201171875 124.22434234619140625 138.186553955078125 136.3285064697265625 137.7519073486328125 115.30414581298828125 128.7413330078125 135.6482696533203125 117.441162109375 158.3365020751953125 135.2349090576171875 107.77158355712890625 147.3832244873046875 134.014678955078125 102.25443267822265625 126.22151947021484375 146.319305419921875 152.49346923828125 155.8199310302734375 145.3449249267578125 115.65810394287109375 127.5802001953125
