0,11.9143558918072,21.0710010743681,29.1056344157129,37.5190855105184,9.30316864497436,14.4688082951307,22.7898356963263,30.6569801484599,38.892601876509,17.63159684546,21.3098725521439,26.3129649472786,35.3172491072921,42.8548127210677,26.5408349416733,28.8550938313074,32.1404642991631,37.238024205878,45.1098646452832,36.4013417635827,39.7493392061641,42.5542439711191,46.3706436830204,50.9901360732207
11.9143558918072,0,9.15664518256091,17.1912785239057,25.6047296187112,14.3820905903054,8.61787020656701,11.9894362969445,19.7473620897301,27.9829838177791,21.286746527041,17.277737816689,20.1710258652377,25.2309084187722,32.0147277432095,27.9233022866936,25.6344207029963,27.7611813858678,31.8659021655047,38.2805914361185,37.209598246312,37.245316548518,38.2285897989087,41.9590381248421,45.9256937753221
21.0710010743681,9.15664518256091,0,8.37111035268309,16.917830224169,23.1488099077678,12.3301062683736,9.60753843466582,12.0450834877357,19.7195232480478,26.6100361408943,19.7213234931003,18.0434465308994,20.6703698919915,24.3538640316253,32.7117302304929,27.8894240953331,25.6336020515295,28.4814294564271,32.1572091533072,41.6292017900997,39.1863235077087,36.7052467534231,39.247405287584,42.873781444343
29.1056344157129,17.1912785239057,8.37111035268309,0,8.54671987148596,31.0825259697064,19.8703036083276,12.2669346242018,8.5985082031345,12.4639807810585,34.085911043729,23.9716088626955,18.598105509063,18.0655486086967,20.7863823934916,37.5891045102679,31.1896039987267,26.1882610296932,27.4471109950602,28.9932866305675,45.879487159695,39.7409824858724,37.2599057315867,38.6204205786787,40.732278842626
37.5190855105184,25.6047296187112,16.917830224169,8.54671987148596,0,39.6292458411924,28.4170234798135,20.0064234609167,12.6559900361892,8.93177064116207,42.2802165411003,31.2294836500296,23.3494383831905,21.1892269892141,18.5679992716563,45.0520005451269,35.9409368728542,30.9395939038206,29.6467596942451,27.0682634849876,51.1565607768746,44.4923153599998,42.0112386057142,39.411189646632,38.8670042012593
9.30316864497436,14.3820905903054,23.1488099077678,31.0825259697064,39.6292458411924,0,12.0566590107542,20.6102526415191,28.4773970936526,36.7130188217017,8.32842820048563,14.3978063378584,22.7317078390834,32.6721288330281,40.2096924468038,17.2376662966989,20.75815860049,25.4966262255842,33.0808081453176,40.9526485847228,27.0981731186084,31.0257634218071,34.9227840462764,39.848907732993,45.559378802115
14.4688082951307,8.61787020656701,12.3301062683736,19.8703036083276,28.4170234798135,12.0566590107542,0,8.5535936307649,16.4207380828985,24.6563598109475,14.4907738393476,8.65986761012201,12.9602884534537,21.0810070417306,28.6185706555063,20.3816239621193,17.0165504964293,19.3491456192216,23.8853477120532,31.7571881514584,29.6679199217377,28.627446341951,29.7629252911777,33.5793250030789,37.8818610806666
22.7898356963263,11.9894362969445,9.60753843466582,12.2669346242018,20.0064234609167,20.6102526415191,8.5535936307649,0,7.86714445213357,16.1027661801826,22.7461350119841,12.0496537966669,8.43590809623357,13.2414721218278,20.134510105613,26.1203093209445,20.2177543988997,16.0260636168637,19.9412080510844,26.3558973216982,33.9575320936664,29.5787850730429,27.0977083187573,30.2239203558381,34.190576006318
30.6569801484599,19.7473620897301,12.0450834877357,8.5985082031345,12.6559900361892,28.4773970936526,16.4207380828985,7.86714445213357,0,8.23562172804904,30.054630324758,19.0038974336873,10.7707682963937,9.80382873915422,12.3087805438895,32.8264143287846,23.3622667860573,18.3609238170238,19.5012863499033,20.5156847809654,38.5778906900778,31.913645273203,29.4325685189174,30.6830706266242,32.254676993024
38.892601876509,27.9829838177791,19.7195232480478,12.4639807810585,8.93177064116207,36.7130188217017,24.6563598109475,16.1027661801826,8.23562172804904,0,38.2327175915904,27.1819847005197,18.9488555632261,14.5046084804701,10.1199926381543,41.004501595617,31.5403540528898,26.3529031053705,21.4602985467016,18.7719031945714,46.7559779569102,39.9578289895214,35.2240652982135,31.2247284990884,30.570643910843
17.63159684546,21.286746527041,26.6100361408943,34.085911043729,42.2802165411003,8.32842820048563,14.4907738393476,22.7461350119841,30.054630324758,38.2327175915904,0,11.0507328910707,19.3846343922957,29.4110013266582,39.9482773760565,8.9092380962133,15.4592884027089,22.0884780102191,29.6726599299525,37.5445003693577,18.7697449181227,23.1695843071429,28.826104258032,36.4407595176279,42.1512305867499
21.3098725521439,17.277737816689,19.7213234931003,23.9716088626955,31.2294836500296,14.3978063378584,8.65986761012201,12.0496537966669,19.0038974336873,27.1819847005197,11.0507328910707,0,8.33390150122498,18.3602684355875,28.8975444849858,14.0741567762432,8.35668288630731,12.1478038928819,18.9866373438821,26.8584777832873,22.0590718423422,19.967578731829,21.9373871496372,26.5000854002908,31.9031847228702
26.3129649472786,20.1710258652377,18.0434465308994,18.598105509063,23.3494383831905,22.7317078390834,12.9602884534537,8.43590809623357,10.7707682963937,18.9488555632261,19.3846343922957,8.33390150122498,0,10.0263669343625,20.5636429837608,22.1564183963223,12.5914984896637,7.59015552063012,11.7581545414711,19.6299949808763,27.8071223936842,21.1428769768093,18.6618002225237,21.7880122596045,25.7546679100844
35.3172491072921,25.2309084187722,20.6703698919915,18.0655486086967,21.1892269892141,32.6721288330281,21.0810070417306,13.2414721218278,9.80382873915422,14.5046084804701,29.4110013266582,18.3602684355875,10.0263669343625,0,10.9044982924855,31.8016686797415,21.4029235920329,13.5734616478449,9.7713120207952,14.0386853835859,35.8722601686701,27.2860160031963,23.1704134988482,21.3812215362629,23.3025953927869
42.8548127210677,32.0147277432095,24.3538640316253,20.7863823934916,18.5679992716563,40.2096924468038,28.6185706555063,20.134510105613,12.3087805438895,10.1199926381543,39.9482773760565,28.8975444849858,20.5636429837608,10.9044982924855,0,41.2440476601478,29.9845830675761,21.2676795264482,13.0547124181988,8.65191055641701,43.8493784756082,33.7207917979574,26.7031069738458,22.7037701747207,20.4506512726887
26.5408349416733,27.9233022866936,32.7117302304929,37.5891045102679,45.0520005451269,17.2376662966989,20.3816239621193,26.1203093209445,32.8264143287846,41.004501595617,8.9092380962133,14.0741567762432,22.1564183963223,31.8016686797415,41.2440476601478,0,12.1139392242048,20.8308427653327,29.2287264360979,37.5148317349026,9.86050682190944,15.577532486713,22.07338722609,31.8058581379667,39.3351841247854
28.8550938313074,25.6344207029963,27.8894240953331,31.1896039987267,35.9409368728542,20.75815860049,17.0165504964293,20.2177543988997,23.3622667860573,31.5403540528898,15.4592884027089,8.35668288630731,12.5914984896637,21.4029235920329,29.9845830675761,12.1139392242048,0,8.71690354112787,17.1147872118931,25.4008925106978,15.7714753387418,11.6108958455217,14.5515652465854,23.0691850485367,28.7796561176587
32.1404642991631,27.7611813858678,25.6336020515295,26.1882610296932,30.9395939038206,25.4966262255842,19.3491456192216,16.0260636168637,18.3609238170238,26.3529031053705,22.0884780102191,12.1478038928819,7.59015552063012,13.5734616478449,21.2676795264482,20.8308427653327,8.71690354112787,0,8.39788367076519,16.6839889695699,22.6782975967471,14.2942294418011,11.0716447018936,14.5324303871703,20.2429014562923
37.238024205878,31.8659021655047,28.4814294564271,27.4471109950602,29.6467596942451,33.0808081453176,23.8853477120532,19.9412080510844,19.5012863499033,21.4602985467016,29.6726599299525,18.9866373438821,11.7581545414711,9.7713120207952,13.0547124181988,29.2287264360979,17.1147872118931,8.39788367076519,0,8.28610529880472,30.900612066022,20.9299312762206,14.4148791760664,11.6099095154677,14.5126046799665
45.1098646452832,38.2805914361185,32.1572091533072,28.9932866305675,27.0682634849876,40.9526485847228,31.7571881514584,26.3558973216982,20.5156847809654,18.7719031945714,37.5445003693577,26.8584777832873,19.6299949808763,14.0386853835859,8.65191055641701,37.5148317349026,25.4008925106978,16.6839889695699,8.28610529880472,0,39.1849773775876,28.8515168837859,21.2212619266002,14.9973857272527,11.7987407162717
36.4013417635827,37.209598246312,41.6292017900997,45.879487159695,51.1565607768746,27.0981731186084,29.6679199217377,33.9575320936664,38.5778906900778,46.7559779569102,18.7697449181227,22.0590718423422,27.8071223936842,35.8722601686701,43.8493784756082,9.86050682190944,15.7714753387418,22.6782975967471,30.900612066022,39.1849773775876,0,11.06952044183,19.2493490204044,28.9818199322811,38.4049096195874
39.7493392061641,37.245316548518,39.1863235077087,39.7409824858724,44.4923153599998,31.0257634218071,28.627446341951,29.5787850730429,31.913645273203,39.9578289895214,23.1695843071429,19.967578731829,21.1428769768093,27.2860160031963,33.7207917979574,15.577532486713,11.6108958455217,14.2942294418011,20.9299312762206,28.8515168837859,11.06952044183,0,8.17982857857437,17.912299490451,27.3353891777573
42.5542439711191,38.2285897989087,36.7052467534231,37.2599057315867,42.0112386057142,34.9227840462764,29.7629252911777,27.0977083187573,29.4325685189174,35.2240652982135,28.826104258032,21.9373871496372,18.6618002225237,23.1704134988482,26.7031069738458,22.07338722609,14.5515652465854,11.0716447018936,14.4148791760664,21.2212619266002,19.2493490204044,8.17982857857437,0,9.73247091187665,19.155560599183
46.3706436830204,41.9590381248421,39.247405287584,38.6204205786787,39.411189646632,39.848907732993,33.5793250030789,30.2239203558381,30.6830706266242,31.2247284990884,36.4407595176279,26.5000854002908,21.7880122596045,21.3812215362629,22.7037701747207,31.8058581379667,23.0691850485367,14.5324303871703,11.6099095154677,14.9973857272527,28.9818199322811,17.912299490451,9.73247091187665,0,9.42308968730631
50.9901360732207,45.9256937753221,42.873781444343,40.732278842626,38.8670042012593,45.559378802115,37.8818610806666,34.190576006318,32.254676993024,30.570643910843,42.1512305867499,31.9031847228702,25.7546679100844,23.3025953927869,20.4506512726887,39.3351841247854,28.7796561176587,20.2429014562923,14.5126046799665,11.7987407162717,38.4049096195874,27.3353891777573,19.155560599183,9.42308968730631,0
