inst/extdata/vignette-results/Results/continuous.asc
ncols        50
nrows        50
xllcorner    0.000000000000
yllcorner    0.000000000000
cellsize     0.500000000000
NODATA_value nan
[rows 0 to 17 of 50, columns 0 to 39 of 50]
1.6078583002090454102 1.4081729650497436523 1.4832862615585327148 1.2433743476867675781 1.3119071722030639648 1.3090665340423583984 1.6840751171112060547 1.7450598478317260742 1.4732865095138549805 1.6064881086349487305 1.4960858821868896484 1.4554004669189453125 1.5431576967239379883 1.6509698629379272461 1.5690070390701293945 1.8134763240814208984 1.5752856731414794922 1.525366663932800293 1.5152226686477661133 1.2243055105209350586 1.4533611536026000977 1.343077540397644043 1.2698276042938232422 1.1627384424209594727 1.4872419834136962891 1.5410227775573730469 1.3887373208999633789 1.1839208602905273438 1.4315482378005981445 1.2243760824203491211 1.3044061660766601563 1.4775731563568115234 1.4523162841796875 1.2776778936386108398 1.2851256132125854492 1.2693167924880981445 1.3106920719146728516 1.3595548868179321289 1.3711702823638916016 1.380662083625793457
1.2473247051239013672 1.3219127655029296875 1.332950592041015625 1.2444505691528320313 1.3147196769714355469 1.3158946037292480469 1.4914499521255493164 1.7383298873901367188 1.6193118095397949219 1.8560727834701538086 1.6599749326705932617 1.7050571441650390625 1.4298101663589477539 1.1864371299743652344 1.4310933351516723633 1.5009037256240844727 1.5103014707565307617 1.235385894775390625 1.3641028404235839844 1.6172014474868774414 1.6024228334426879883 1.486907958984375 1.3046473264694213867 1.3783432245254516602 1.3383467197418212891 1.3950674533843994141 1.0993961095809936523 1.1907645463943481445 1.1931622028350830078 1.211773991584777832 1.1791980266571044922 1.188635706901550293 1.2830286026000976563 1.2014220952987670898 1.1237688064575195313 1.1516852378845214844 1.2273190021514892578 1.354523777961730957 1.4653548002243041992 1.408068537712097168
1.2307356595993041992 1.2980692386627197266 1.3661055564880371094 1.3882616758346557617 1.2111555337905883789 1.4975262880325317383 1.7898535728454589844 1.6901863813400268555 1.8327022790908813477 1.9588909149169921875 1.5108803510665893555 1.4415482282638549805 1.3629947900772094727 1.2705602645874023438 1.603915095329284668 1.3109875917434692383 1.1954534053802490234 1.3733223676681518555 1.5634992122650146484 1.5751875638961791992 1.5030791759490966797 1.5094203948974609375 1.5597509145736694336 1.3643879890441894531 1.5647171735763549805 1.3982430696487426758 1.392425537109375 1.3371874094009399414 1.4116468429565429688 1.3496984243392944336 1.199818730354309082 1.2021926641464233398 1.1847732067108154297 1.164496302604675293 1.2290755510330200195 1.2275178432464599609 1.2246649265289306641 1.3719124794006347656 1.8818335533142089844 1.6973230838775634766
1.2020086050033569336 1.3549813032150268555 1.5281965732574462891 1.5247758626937866211 1.3817706108093261719 1.3723758459091186523 1.4977357387542724609 1.6085854768753051758 1.3981711864471435547 1.6900496482849121094 1.7358837127685546875 1.4788424968719482422 1.4436795711517333984 1.3709074258804321289 1.4369453191757202148 1.3041802644729614258 1.4229888916015625 1.4926178455352783203 1.7980116605758666992 1.4612119197845458984 1.3299362659454345703 1.2655513286590576172 1.3161841630935668945 1.4172157049179077148 1.5108972787857055664 1.435406804084777832 1.2728562355041503906 1.203164219856262207 1.2229250669479370117 1.2045954465866088867 1.188300013542175293 1.1265772581100463867 1.1110517978668212891 1.0347363948822021484 1.1064010858535766602 1.2964285612106323242 1.4155886173248291016 1.3887810707092285156 1.4651883840560913086 1.6962701082229614258
1.3394801616668701172 1.5787196159362792969 1.5349802970886230469 1.6601350307464599609 1.5550146102905273438 1.4233407974243164063 1.4285415410995483398 1.6811387538909912109 1.5491113662719726563 1.5034897327423095703 1.4809519052505493164 1.7428072690963745117 1.5304286479949951172 1.5720951557159423828 1.4625203609466552734 1.5332171916961669922 1.478580474853515625 1.5755349397659301758 1.534852147102355957 1.4856069087982177734 1.4942971467971801758 1.1147623062133789063 1.3158382177352905273 1.4931064844131469727 1.6232309341430664063 1.5377569198608398438 1.2991769313812255859 1.3344107866287231445 1.3449341058731079102 1.3547692298889160156 1.2716845273971557617 1.1251786947250366211 1.0501070022583007813 1.1358370780944824219 1.154804229736328125 1.1237229108810424805 1.5712292194366455078 1.6713289022445678711 1.6328442096710205078 1.3285669088363647461
1.5228981971740722656 1.6715369224548339844 1.6313158273696899414 1.6621403694152832031 1.4569277763366699219 1.6030087471008300781 1.4350382089614868164 1.4445270299911499023 1.4437652826309204102 1.6233818531036376953 1.4367367029190063477 1.4354041814804077148 1.3781874179840087891 1.6032438278198242188 1.5823549032211303711 1.4813029766082763672 1.7271988391876220703 1.8450073003768920898 1.5754621028900146484 1.5291421413421630859 1.2526296377182006836 1.2233139276504516602 1.5482040643692016602 1.5575469732284545898 1.401337742805480957 1.5290216207504272461 1.422984004020690918 1.2749446630477905273 1.1659477949142456055 1.394543766975402832 1.3272730112075805664 1.2948553562164306641 1.1577827930450439453 1.2484600543975830078 1.0685187578201293945 1.2964230775833129883 1.2824327945709228516 1.4287097454071044922 1.3913809061050415039 1.1783643960952758789
1.3464902639389038086 1.4280819892883300781 1.473467707633972168 1.4445368051528930664 1.4207950830459594727 1.3804972171783447266 1.8595428466796875 1.6785360574722290039 1.7869901657104492188 1.518378138542175293 1.5991387367248535156 1.6772472858428955078 1.4438816308975219727 1.733426213264465332 1.6776914596557617188 1.6051249504089355469 1.6128617525100708008 1.7157119512557983398 1.6598206758499145508 1.556285858154296875 1.4445105791091918945 1.5214016437530517578 1.6547685861587524414 1.7023569345474243164 1.4502505064010620117 1.5369151830673217773 1.4945276975631713867 1.2947163581848144531 1.1098822355270385742 1.1732962131500244141 1.2991352081298828125 1.3079091310501098633 1.3322516679763793945 1.2768006324768066406 1 1.2425646781921386719 1.446274876594543457 1.2067872285842895508 1.1094697713851928711 1.2845374345779418945
1.1985704898834228516 1.7385698556900024414 1.4877387285232543945 1.2437913417816162109 1.4324141740798950195 1.5376683473587036133 1.6802219152450561523 1.5876991748809814453 1.7356623411178588867 1.7033812999725341797 1.5475925207138061523 1.6596276760101318359 1.7338277101516723633 1.5465177297592163086 1.7126529216766357422 1.7040168046951293945 1.6776254177093505859 1.4218152761459350586 1.7469006776809692383 1.4527326822280883789 1.4413236379623413086 1.5486696958541870117 1.6175326108932495117 1.4503276348114013672 1.6058952808380126953 1.4391276836395263672 1.416713714599609375 1.552676081657409668 1.246903538703918457 1.3800500631332397461 1.4664282798767089844 1.3382716178894042969 1.3690192699432373047 1.1646091938018798828 1.3589614629745483398 1.4228037595748901367 1.3714442253112792969 1.2311128377914428711 1.2139921188354492188 1.4613417387008666992
1.4941490888595581055 1.3835960626602172852 1.4121805429458618164 1.2455778121948242188 1.5504336357116699219 1.8150686025619506836 1.8595079183578491211 1.616424560546875 1.7208257913589477539 1.9395129680633544922 1.4870592355728149414 2.0468747615814208984 2.0072321891784667969 1.5403465032577514648 1.414694666862487793 1.4439234733581542969 1.6113786697387695313 1.5192497968673706055 1.4812587499618530273 1.4292260408401489258 1.4099459648132324219 1.4834975004196166992 1.5225118398666381836 1.4029817581176757813 1.3715808391571044922 1.3314085006713867188 1.5117967128753662109 1.371967315673828125 1.25104522705078125 1.5086176395416259766 1.4921362400054931641 1.4974042177200317383 1.2950253486633300781 1.171746373176574707 1.2302112579345703125 1.4444749355316162109 1.536342620849609375 1.2593969106674194336 1.2801576852798461914 1.2876895666122436523
1.2969470024108886719 1.293488621711730957 1.2533224821090698242 1.373810887336730957 1.5267072916030883789 1.7224565744400024414 1.5553402900695800781 1.4760732650756835938 1.5046933889389038086 1.7568883895874023438 1.6574593782424926758 1.5753177404403686523 1.365214228630065918 1.4722574949264526367 1.3187679052352905273 1.3419229984283447266 1.2989506721496582031 1.4159786701202392578 1.2930673360824584961 1.2364189624786376953 1.5924776792526245117 1.4796774387359619141 1.5203145742416381836 1.3707420825958251953 1.2484738826751708984 1.4731518030166625977 1.471341252326965332 1.7158458232879638672 1.5286971330642700195 1.4762133359909057617 1.5854218006134033203 1.7189809083938598633 1.6667308807373046875 1.6195943355560302734 1.4464523792266845703 1.3563419580459594727 1.2688695192337036133 1.4673479795455932617 1.288325190544128418 1.3461461067199707031
1.258833765983581543 1.0424902439117431641 1.1315046548843383789 1.384381413459777832 1.7181234359741210938 1.4697984457015991211 1.8070539236068725586 1.698853611946105957 1.4903187751770019531 1.655020594596862793 1.4275075197219848633 1.4636366367340087891 1.2646445035934448242 1.3685972690582275391 1.4986704587936401367 1.3775810003280639648 1.4800075292587280273 1.4104547500610351563 1.4961156845092773438 1.3051658868789672852 1.6389585733413696289 1.5000060796737670898 1.3259139060974121094 1.4404550790786743164 1.3557996749877929688 1.6813100576400756836 1.6680867671966552734 1.5717771053314208984 1.5295962095260620117 1.3361420631408691406 1.7338407039642333984 1.6141858100891113281 1.5021551847457885742 1.5145937204360961914 1.7790594100952148438 1.3627408742904663086 1.6189848184585571289 1.6402997970581054688 1.5223380327224731445 1.6687915325164794922
1.2039016485214233398 1.1105557680130004883 1.241022944450378418 1.5273540019989013672 1.4335280656814575195 1.4660927057266235352 1.7858673334121704102 1.7036333084106445313 1.5124142169952392578 1.2967437505722045898 1.3903602361679077148 1.1892157793045043945 1.0662071704864501953 1.3178408145904541016 1.3257757425308227539 1.4443532228469848633 1.3145767450332641602 1.4502663612365722656 1.4498019218444824219 1.5250782966613769531 1.4174479246139526367 1.6755462884902954102 1.4593312740325927734 1.2856523990631103516 1.1767464876174926758 1.2916437387466430664 1.1643686294555664063 1.5397450923919677734 1.5747033357620239258 1.4555563926696777344 1.8054739236831665039 1.9065557718276977539 1.7365041971206665039 1.5757920742034912109 1.5536991357803344727 1.5198627710342407227 1.3378863334655761719 1.7979654073715209961 1.5392634868621826172 1.3054243326187133789
1.452916264533996582 1.2668464183807373047 1.3532050848007202148 1.4686346054077148438 1.2953745126724243164 1.5286056995391845703 1.8502175807952880859 1.9628359079360961914 1.4906556606292724609 1.2706038951873779297 1.2406624555587768555 1.0622402429580688477 1.2217234373092651367 1.2771586179733276367 1.424405217170715332 1.3658956289291381836 1.3183530569076538086 1.4697294235229492188 1.4534307718276977539 1.3833431005477905273 1.5374721288681030273 1.3760678768157958984 1.3057242631912231445 1.1605685949325561523 1.2539597749710083008 1.3853313922882080078 1.1042510271072387695 1.5024886131286621094 1.8771028518676757813 1.6759644746780395508 1.7725311517715454102 1.8991935253143310547 1.8158698081970214844 1.5977261066436767578 1.4037183523178100586 1.484477996826171875 1.5291066169738769531 1.3962229490280151367 1.6544487476348876953 1.3955482244491577148
1.5666968822479248047 1.3106049299240112305 1.2523833513259887695 1.4756116867065429688 1.525146484375 1.5755151510238647461 1.7681902647018432617 1.8568359613418579102 1.6393655538558959961 1.3335287570953369141 1.1713370084762573242 1.1655583381652832031 1.1339515447616577148 1.1755652427673339844 1.3328063488006591797 1.2289656400680541992 1.3535969257354736328 1.5786626338958740234 1.3732718229293823242 1.5682301521301269531 1.1622699499130249023 1.3839981555938720703 1.5662653446197509766 1.2945749759674072266 1.4268512725830078125 1.2908414602279663086 1.462706446647644043 1.5872561931610107422 1.7806841135025024414 1.5960723161697387695 1.7658627033233642578 1.7130179405212402344 1.361592411994934082 1.4600620269775390625 1.3895723819732666016 1.4811899662017822266 1.4849996566772460938 1.3790256977081298828 1.4101831912994384766 1.3815472126007080078
1.3105930089950561523 1.2702871561050415039 1.2582339048385620117 1.2516695261001586914 1.3319677114486694336 1.3678182363510131836 1.5203354358673095703 1.3993277549743652344 1.3385229110717773438 1.3095339536666870117 1.325534820556640625 1.1489269733428955078 1.0767372846603393555 1.2643600702285766602 1.4220151901245117188 1.3492169380187988281 1.2124528884887695313 1.355025172233581543 1.4425469636917114258 1.3154941797256469727 1.2706145048141479492 1.03119659423828125 1.4754275083541870117 1.5964666604995727539 1.6223999261856079102 1.3126708269119262695 1.5984508991241455078 1.3777266740798950195 1.7392312288284301758 1.3168529272079467773 1.3835939168930053711 1.1816998720169067383 1.1772226095199584961 1.1154383420944213867 1.2751728296279907227 1.2992756366729736328 1.5447663068771362305 1.2414852380752563477 1.1268737316131591797 1.4547748565673828125
1.3650834560394287109 1.3841859102249145508 1.2983875274658203125 1.2408061027526855469 1.3430811166763305664 1.4136209487915039063 1.8314330577850341797 1.3751058578491210938 1.2946445941925048828 1.2870061397552490234 1.2687937021255493164 1.0959012508392333984 1.2093682289123535156 1.3701058626174926758 1.652554631233215332 1.5463927984237670898 1.3118970394134521484 1.2683129310607910156 1.3144485950469970703 1.5844426155090332031 1.5458440780639648438 1.527365565299987793 1.5396943092346191406 1.379202723503112793 1.8706929683685302734 1.4496370553970336914 1.6088597774505615234 1.3226206302642822266 1.4793220758438110352 1.6313802003860473633 1.2832192182540893555 1.1863269805908203125 1.3135807514190673828 1.2718111276626586914 1.2093420028686523438 1.3088208436965942383 1.3698194026947021484 1.3099483251571655273 1.5035634040832519531 1.4072881937026977539
1.3048642873764038086 1.3352870941162109375 1.4606497287750244141 1.1483707427978515625 1.3687825202941894531 1.6715018749237060547 1.7498080730438232422 1.369446873664855957 1.2778760194778442383 1.2067120075225830078 1.2233322858810424805 1.2214591503143310547 1.2458331584930419922 1.3344897031784057617 1.2518610954284667969 1.3967916965484619141 1.2871453762054443359 1.2241883277893066406 1.4299539327621459961 1.4842629432678222656 1.613879084587097168 1.3823482990264892578 1.3832945823669433594 1.5663597583770751953 1.4922437667846679688 1.5674426555633544922 1.4686410427093505859 1.4375295639038085938 1.4147974252700805664 1.3259414434432983398 1.3504259586334228516 1.3725210428237915039 1.3417946100234985352 1.3636617660522460938 1.4758905172348022461 1.4737497568130493164 1.6005834341049194336 1.5536806583404541016 1.5607917308807373047 1.4695605039596557617
1.4288161993026733398 1.3029618263244628906 1.4285266399383544922 1.3654295206069946289 1.515033721923828125 1.6750603914260864258 1.4765870571136474609 1.5573105812072753906 1.4672691822052001953 1.2886960506439208984 1.2381361722946166992 1.6135817766189575195 1.3378450870513916016 1.4415084123611450195 1.4149042367935180664 1.3430598974227905273 1.2570947408676147461 1.2272865772247314453 1.4773912429809570313 1.4569933414459228516 1.3812396526336669922 1.3470669984817504883 1.4434423446655273438 1.4289574623107910156 1.440001368522644043 1.2977211475372314453 1.3753412961959838867 1.4237978458404541016 1.3088386058807373047 1.6496874094009399414 1.4206988811492919922 1.2615882158279418945 1.5248358249664306641 1.4117069244384765625 1.2377778291702270508 1.3592665195465087891 1.5144912004470825195 1.5785708427429199219 1.617638707160949707 1.5052490234375
