inst/extdata/vignette-results/Results/continuous.asc
ncols        50
nrows        50
xllcorner    0.000000000000
yllcorner    0.000000000000
cellsize     0.500000000000
NODATA_value nan
[rows 18 to 35 of 50, columns 0 to 39 of 50]
1.4384667873382568359 1.2898871898651123047 1.4087516069412231445 1.2342286109924316406 1.2911648750305175781 1.4613590240478515625 1.6073412895202636719 1.3526127338409423828 1.2597342729568481445 1.2538357973098754883 1.3387473821640014648 1.6372047662734985352 1.3980019092559814453 1.3670790195465087891 1.4779478311538696289 1.2584850788116455078 1.4041259288787841797 1.5571296215057373047 1.5441490411758422852 1.7708197832107543945 1.5153172016143798828 1.5988721847534179688 1.7625967264175415039 1.5064654350280761719 1.3271477222442626953 1.3193647861480712891 1.2406400442123413086 1.4855582714080810547 1.172210693359375 1.4311773777008056641 1.3612995147705078125 1.4155303239822387695 1.4741097688674926758 1.4517878293991088867 1.433583378791809082 1.3021695613861083984 1.4891039133071899414 1.553032994270324707 1.477063298225402832 1.3704307079315185547
1.3748000860214233398 1.2714338302612304688 1.2755190134048461914 1.1684210300445556641 1.2943693399429321289 1.40183258056640625 1.4629077911376953125 1.5929406881332397461 1.4645982980728149414 1.4125739336013793945 1.5206379890441894531 1.7146551609039306641 1.4078853130340576172 1.2693269252777099609 1.5741962194442749023 1.3035260438919067383 1.3835973739624023438 1.5227028131484985352 1.4508275985717773438 2.0302841663360595703 1.7510706186294555664 1.5226806402206420898 1.7969763278961181641 1.4227079153060913086 1.3050655126571655273 1.1633678674697875977 1.2611397504806518555 1.313090205192565918 1.3588827848434448242 1.3430556058883666992 1.4701550006866455078 1.5494786500930786133 1.4653030633926391602 1.3557990789413452148 1.0499596595764160156 1.2225438356399536133 1.6621530055999755859 1.5844521522521972656 1.3570921421051025391 1.2958899736404418945
1.4877716302871704102 1.3594964742660522461 1.5346467494964599609 1.3006998300552368164 1.4159504175186157227 1.3147240877151489258 1.4932225942611694336 1.6472535133361816406 1.4108057022094726563 1.4913623332977294922 1.3662488460540771484 2.0491535663604736328 1.5437406301498413086 1.355571746826171875 1.4190626144409179688 1.3756406307220458984 1.5849784612655639648 1.3384293317794799805 1.4115074872970581055 1.519415736198425293 1.4524163007736206055 1.8423994779586791992 1.8787444829940795898 1.4039862155914306641 1.3128933906555175781 1.3422105312347412109 1.3893758058547973633 1.4360942840576171875 1.6133415699005126953 1.5639165639877319336 1.4249171018600463867 1.3518596887588500977 1.5184880495071411133 1.2797093391418457031 1.0739949941635131836 1.2114341259002685547 1.5395119190216064453 1.3297896385192871094 1.3826137781143188477 1.345888972282409668
1.3441900014877319336 1.3907177448272705078 1.4001352787017822266 1.5551532506942749023 1.5316416025161743164 1.6979169845581054688 1.5751057863235473633 1.3661417961120605469 1.4961284399032592773 1.4496895074844360352 1.3964412212371826172 1.3921202421188354492 1.3859859704971313477 1.6579401493072509766 1.5349553823471069336 1.2084060907363891602 1.4482828378677368164 1.3457692861557006836 1.4063251018524169922 1.5891031026840209961 1.4399225711822509766 1.6432256698608398438 1.6281702518463134766 1.5016510486602783203 1.418477177619934082 1.1423074007034301758 1.2748616933822631836 1.3490040302276611328 1.6388731002807617188 1.1311844587326049805 1.3106572628021240234 1.421473383903503418 1.4847491979598999023 1.5466415882110595703 1.3892078399658203125 1.4401640892028808594 1.2037305831909179688 1.1542855501174926758 1.0778282880783081055 1.1848998069763183594
1.3270201683044433594 1.2687089443206787109 1.1261055469512939453 1.3425130844116210938 1.3974702358245849609 1.5187940597534179688 1.5856320858001708984 1.391386866569519043 1.3502179384231567383 1.5360186100006103516 1.6279397010803222656 1.7189563512802124023 1.409881591796875 1.6606154441833496094 1.4597115516662597656 1.4203656911849975586 1.5827862024307250977 1.5613282918930053711 1.3370192050933837891 1.4484713077545166016 1.3762756586074829102 1.3855453729629516602 1.5781990289688110352 1.4220730066299438477 1.2221010923385620117 1.2031602859497070313 1.1623632907867431641 1.3217207193374633789 1.407793879508972168 1.4599716663360595703 1.4638830423355102539 1.7320859432220458984 1.5868511199951171875 1.5498367547988891602 1.8666050434112548828 1.7860293388366699219 1.2914977073669433594 1.3405032157897949219 1.2513220310211181641 1.2533471584320068359
1.5241658687591552734 1.4363071918487548828 1.3120501041412353516 1.4740682840347290039 1.4660434722900390625 1.5269378423690795898 1.5014033317565917969 1.0895696878433227539 1.4654588699340820313 1.519360661506652832 1.5829589366912841797 1.6515837907791137695 1.4927829504013061523 1.3936887979507446289 1.4925887584686279297 1.3423626422882080078 1.412657618522644043 1.5033088922500610352 1.362301945686340332 1.3009996414184570313 1.3341693878173828125 1.2505921125411987305 1.926250457763671875 1.5197516679763793945 1.1663831472396850586 1.163712620735168457 1.2668441534042358398 1.2439101934432983398 1.4219383001327514648 1.593943476676940918 1.8896479606628417969 1.6096966266632080078 1.6664503812789916992 1.7070127725601196289 2.1069872379302978516 1.7466862201690673828 1.4928835630416870117 1.7490906715393066406 1.6957707405090332031 1.3908675909042358398
1.7252005338668823242 1.5370355844497680664 1.4682689905166625977 1.3007894754409790039 1.4634951353073120117 1.7326730489730834961 1.2906793355941772461 1.2396651506423950195 1.2965778112411499023 1.5201635360717773438 1.6987329721450805664 1.4669762849807739258 1.5823309421539306641 1.4666117429733276367 1.5267693996429443359 1.4563720226287841797 1.1642626523971557617 1.184929966926574707 1.1898719072341918945 1.1928708553314208984 1.224871516227722168 1.5676860809326171875 1.915103912353515625 1.624487757682800293 1.5020945072174072266 1.292702794075012207 1.1898705959320068359 1.6628111600875854492 1.490563511848449707 1.5858204364776611328 1.5628714561462402344 1.7553582191467285156 1.6787749528884887695 1.8831875324249267578 1.7386410236358642578 1.8165758848190307617 1.4482519626617431641 1.8046402931213378906 1.6978402137756347656 1.3763986825942993164
1.8382931947708129883 1.9000117778778076172 1.6881992816925048828 1.5081300735473632813 1.4839112758636474609 1.3383585214614868164 1.5365769863128662109 1.2882080078125 1.257451176643371582 1.3446955680847167969 1.6375834941864013672 1.4312434196472167969 1.5811467170715332031 1.5193119049072265625 1.6353976726531982422 1.4251716136932373047 1.1896790266036987305 1.1638236045837402344 1.2354842424392700195 1.4377993345260620117 1.3069843053817749023 1.1520556211471557617 1.4508738517761230469 1.5541597604751586914 1.528820037841796875 1.3182300329208374023 1.3525398969650268555 1.4237971305847167969 1.3241254091262817383 1.6574255228042602539 1.8610017299652099609 1.9804002046585083008 2.2066936492919921875 1.8405454158782958984 2.0294790267944335938 1.9000637531280517578 1.5895864963531494141 1.573487401008605957 1.7359788417816162109 1.8425186872482299805
1.6821538209915161133 1.7494475841522216797 1.6180205345153808594 1.6519517898559570313 1.5269538164138793945 1.4733389616012573242 1.4923187494277954102 1.5164768695831298828 1.3301222324371337891 1.4573068618774414063 1.4561238288879394531 1.5413991212844848633 1.4532246589660644531 1.5421893596649169922 1.5137453079223632813 1.2630251646041870117 1.2312450408935546875 1.1714824438095092773 1.3506100177764892578 1.5909856557846069336 1.6454253196716308594 1.2324368953704833984 1.3165277242660522461 1.6309670209884643555 1.4542104005813598633 1.4484466314315795898 1.307137608528137207 1.3740657567977905273 1.3982453346252441406 1.3232883214950561523 1.7187005281448364258 1.8806400299072265625 1.8853870630264282227 2.5804426670074462891 2.1935219764709472656 1.764209747314453125 1.8400708436965942383 1.4829839468002319336 1.6693673133850097656 2.0780558586120605469
1.9813889265060424805 2.1581356525421142578 1.6885799169540405273 1.5654197931289672852 1.5018678903579711914 1.5725854635238647461 1.5060002803802490234 1.4193539619445800781 1.3841553926467895508 1.3806617259979248047 1.6323323249816894531 1.3663661479949951172 1.4791593551635742188 1.6158192157745361328 1.3027842044830322266 1.5183200836181640625 1.3202049732208251953 1.2952110767364501953 1.475760340690612793 1.7471165657043457031 1.3664479255676269531 1.3415882587432861328 1.399077296257019043 1.5255225896835327148 1.6984601020812988281 1.6400521993637084961 1.4913474321365356445 1.592229008674621582 1.2828766107559204102 1.3687396049499511719 1.5465990304946899414 1.3850167989730834961 1.8603982925415039063 1.8208603858947753906 1.7220947742462158203 1.9083645343780517578 1.7200735807418823242 1.6684668064117431641 1.7729067802429199219 1.9213556051254272461
1.4894315004348754883 1.5490413904190063477 1.7572369575500488281 1.5269566774368286133 1.6304427385330200195 1.1823511123657226563 1.3272899389266967773 1.3036590814590454102 1.2692011594772338867 1.5270917415618896484 1.3101915121078491211 1.2350136041641235352 1.2729486227035522461 1.6145621538162231445 1.3634886741638183594 1.5577034950256347656 1.3409497737884521484 1.3550047874450683594 1.538374781608581543 1.5003355741500854492 1.4863858222961425781 1.3367635011672973633 1.3467026948928833008 1.506100773811340332 2.1321425437927246094 1.415484309196472168 1.4286420345306396484 1.509059906005859375 1.3305454254150390625 1.1879884004592895508 1.5506013631820678711 1.5462325811386108398 1.8127663135528564453 1.401059269905090332 1.510180354118347168 1.462454676628112793 1.472698211669921875 1.4335821866989135742 1.7864010334014892578 1.8612334728240966797
1.6020432710647583008 1.3673986196517944336 1.7435445785522460938 1.5693917274475097656 1.4753235578536987305 1.3903248310089111328 1.3854004144668579102 1.6207721233367919922 1.5409475564956665039 1.1720876693725585938 1.2353167533874511719 1.2786657810211181641 1.2794090509414672852 1.4207375049591064453 1.4516235589981079102 1.8611941337585449219 1.4553180932998657227 1.2304470539093017578 1.3172074556350708008 1.3199423551559448242 1.4137941598892211914 1.5614829063415527344 1.4195816516876220703 1.3993389606475830078 1.5566427707672119141 1.4635136127471923828 1.3696938753128051758 1.2724730968475341797 1.3026221990585327148 1.1648195981979370117 1.3420336246490478516 1.2858194112777709961 1.3845423460006713867 1.3286613225936889648 1.2949986457824707031 1.5195444822311401367 1.4180961847305297852 1.2868187427520751953 1.5782068967819213867 1.7665586471557617188
1.4233212471008300781 1.2498881816864013672 1.6291372776031494141 1.6643109321594238281 1.2516521215438842773 1.3939995765686035156 1.3977540731430053711 1.4945064783096313477 1.3707461357116699219 1.4268825054168701172 1.3691897392272949219 1.4200592041015625 1.409061431884765625 1.502402186393737793 1.5912748575210571289 1.6613763570785522461 1.4048639535903930664 1.3919302225112915039 1.2198634147644042969 1.3011908531188964844 1.3117749691009521484 1.714860081672668457 1.4070868492126464844 1.3866955041885375977 1.2442216873168945313 1.4307551383972167969 1.4209303855895996094 1.6000512838363647461 1.408070683479309082 1.2786558866500854492 1.2840619087219238281 1.1699482202529907227 1.1744872331619262695 1.2922211885452270508 1.3788067102432250977 1.4026657342910766602 1.2992230653762817383 1.5029888153076171875 1.624340057373046875 1.6663451194763183594
1.6177424192428588867 1.6353892087936401367 1.7653481960296630859 1.8162961006164550781 1.433312535285949707 1.2961621284484863281 1.7327661514282226563 1.7131692171096801758 1.6217616796493530273 1.4764413833618164063 1.4662610292434692383 1.3807126283645629883 1.2881035804748535156 1.578436732292175293 1.7536501884460449219 2.0789499282836914063 1.4144952297210693359 1.2404625415802001953 1.1664410829544067383 1.3976241350173950195 1.5650949478149414063 1.449026942253112793 1.3409897089004516602 1.5312763452529907227 1.2950999736785888672 1.4127663373947143555 1.4837737083435058594 1.7414705753326416016 1.3031823635101318359 1.3015470504760742188 1.1545287370681762695 1.0416281223297119141 1.1658015251159667969 1.0924471616744995117 1.3720029592514038086 1.6212174892425537109 1.4145966768264770508 1.3316755294799804688 1.641562342643737793 1.4101351499557495117
1.6090764999389648438 1.4292104244232177734 1.4416185617446899414 1.7459923028945922852 1.4057543277740478516 1.4998807907104492188 1.5706021785736083984 1.966632843017578125 1.6020020246505737305 1.4443336725234985352 1.4131209850311279297 1.660204768180847168 1.2983028888702392578 1.4062654972076416016 1.4661902189254760742 1.5880466699600219727 1.3640151023864746094 1.3522125482559204102 1.2406728267669677734 1.4239795207977294922 1.3511810302734375 1.3857103586196899414 1.5374161005020141602 1.5177377462387084961 1.3171983957290649414 1.3196724653244018555 1.5644004344940185547 1.5428129434585571289 1.5016231536865234375 1.3273595571517944336 1.3925818204879760742 1.235287785530090332 1.1359739303588867188 1.3550547361373901367 1.3157026767730712891 1.2966972589492797852 1.4433411359786987305 1.417140960693359375 1.5700470209121704102 1.4851424694061279297
1.5690143108367919922 1.5212063789367675781 1.4877578020095825195 1.9189144372940063477 1.7491452693939208984 1.6949598789215087891 1.5746337175369262695 1.7817150354385375977 1.5956784486770629883 1.7434132099151611328 1.5900533199310302734 1.5658171176910400391 1.5319875478744506836 1.4003021717071533203 1.4236903190612792969 1.5546381473541259766 1.3533731698989868164 1.3310039043426513672 1.3341801166534423828 1.4207453727722167969 1.5230449438095092773 1.7428854703903198242 1.4604876041412353516 1.4180736541748046875 1.3327100276947021484 1.689679265022277832 1.4388841390609741211 1.3588689565658569336 1.4878011941909790039 1.4792548418045043945 1.6874933242797851563 1.2517406940460205078 1.2796066999435424805 1.3498772382736206055 1.3761981725692749023 1.6073243618011474609 1.2896165847778320313 1.3916077613830566406 1.4090535640716552734 1.6035709381103515625
1.2411465644836425781 1.3232903480529785156 1.6733340024948120117 1.8188074827194213867 1.5577282905578613281 1.5933817625045776367 1.7609256505966186523 1.5770958662033081055 1.5718873739242553711 1.6102768182754516602 1.6119104623794555664 1.6948271989822387695 1.6148062944412231445 1.5013319253921508789 1.3434655666351318359 1.4846140146255493164 1.3364357948303222656 1.4208840131759643555 1.5373882055282592773 1.552885890007019043 1.4283432960510253906 1.5384198427200317383 1.6724908351898193359 1.4412156343460083008 1.5209006071090698242 1.96270751953125 1.5005679130554199219 1.433138728141784668 1.4007905721664428711 1.5228712558746337891 1.5316461324691772461 1.4465532302856445313 1.4480602741241455078 1.6593074798583984375 1.6223179101943969727 1.6741747856140136719 1.4032894372940063477 1.2509201765060424805 1.4185929298400878906 1.5263975858688354492
1.5132900476455688477 1.4810018539428710938 1.3123601675033569336 1.6993426084518432617 1.7250323295593261719 1.5163259506225585938 1.3644739389419555664 1.5351637601852416992 1.7883884906768798828 1.8860374689102172852 1.6910150051116943359 1.8076285123825073242 1.6782994270324707031 1.3904203176498413086 1.3472160100936889648 1.3883411884307861328 1.5936454534530639648 1.4069886207580566406 1.6651481389999389648 1.3716728687286376953 1.4593774080276489258 1.3781430721282958984 1.5869964361190795898 1.7623593807220458984 1.5517715215682983398 1.8975003957748413086 1.8235673904418945313 1.3712841272354125977 1.2809286117553710938 1.4913049936294555664 1.3128103017807006836 1.4149233102798461914 1.5826612710952758789 1.6014354228973388672 1.5460979938507080078 1.3556731939315795898 1.6140236854553222656 1.5779337882995605469 1.4233516454696655273 1.390415191650390625
