data-raw/generated/ibe-ibr-demo/single_surface/Results/err27.asc
ncols        358
nrows        426
xllcorner    683282.509631976951
yllcorner    4992832.770215390250
cellsize     30.000000000000
NODATA_value nan
[rows 342 to 360 of 426, columns 246 to 286 of 358]
120.4259185791015625 126.23833465576171875 129.70855712890625 129.7700958251953125 131.3704833984375 129.895111083984375 126.106292724609375 119.54850006103515625 116.68178558349609375 108.7346038818359375 100.8050384521484375 98.9873199462890625 93.26303863525390625 89.08078765869140625 84.8287811279296875 77.1102294921875 70.22753143310546875 62.91394805908203125 56.032161712646484375 60.8645172119140625 68.7619781494140625 77.26385498046875 82.46533966064453125 88.6314544677734375 88.79496002197265625 86.6297607421875 85.96450042724609375 85.73406982421875 84.20867919921875 82.27162933349609375 79.7853546142578125 76.128997802734375 74.1395721435546875 72.645263671875 68.24016571044921875 59.449981689453125 52.984439849853515625 43.5508880615234375 35.8155059814453125 33.596271514892578125 28.929912567138671875
130.64764404296875 129.5712127685546875 134.1125030517578125 134.4019775390625 131.621490478515625 128.2901611328125 125.50296783447265625 118.4300079345703125 111.5044403076171875 109.19477081298828125 102.51410675048828125 91.942291259765625 87.672393798828125 85.094940185546875 80.90451812744140625 73.904571533203125 70.62339019775390625 65.1796417236328125 58.902164459228515625 54.21891021728515625 59.810638427734375 69.89849853515625 78.23067474365234375 83.314453125 84.75705718994140625 83.84856414794921875 83.9156341552734375 85.8927001953125 81.96727752685546875 81.4766387939453125 79.4265594482421875 75.788818359375 74.38706207275390625 72.8648529052734375 68.86690521240234375 60.5916900634765625 51.039947509765625 42.664218902587890625 34.1069488525390625 29.331521987915039063 26.622652053833007813
132.426544189453125 134.1686859130859375 131.628814697265625 130.861480712890625 127.60056304931640625 125.757415771484375 122.3098297119140625 118.4982452392578125 111.347442626953125 105.6925506591796875 100.68988800048828125 93.94481658935546875 86.161590576171875 80.957794189453125 76.37005615234375 73.0188446044921875 71.61415863037109375 65.90048980712890625 61.696201324462890625 53.8502349853515625 50.32958984375 58.84515380859375 73.5162811279296875 80.416900634765625 83.13330841064453125 82.4368743896484375 83.81272125244140625 84.14111328125 82.91759490966796875 82.13600921630859375 79.91992950439453125 76.6326751708984375 78.37885284423828125 73.93592071533203125 68.6982269287109375 59.85735321044921875 50.085186004638671875 41.2526092529296875 33.134857177734375 28.459966659545898438 25.719921112060546875
130.4450225830078125 130.5610504150390625 128.715667724609375 126.20217132568359375 125.09073638916015625 121.0058746337890625 116.2303009033203125 109.41424560546875 102.83386993408203125 96.47735595703125 92.6874237060546875 87.3727264404296875 82.0848846435546875 78.01355743408203125 75.6427001953125 71.48802947998046875 71.0577850341796875 65.74648284912109375 62.338047027587890625 54.955692291259765625 47.203998565673828125 53.133472442626953125 69.699127197265625 78.15824127197265625 79.53481292724609375 80.5885009765625 81.1122589111328125 84.7483673095703125 82.20709228515625 82.323822021484375 82.8250274658203125 78.573760986328125 79.02017974853515625 75.8919525146484375 67.94156646728515625 58.52704620361328125 49.9748077392578125 40.897705078125 32.041088104248046875 26.248996734619140625 22.933893203735351563
125.41846466064453125 122.5964813232421875 123.30059051513671875 122.4328765869140625 116.787994384765625 111.55889892578125 104.96483612060546875 98.51604461669921875 92.7997283935546875 87.418548583984375 86.02881622314453125 79.77556610107421875 76.712493896484375 74.20063018798828125 71.367950439453125 71.7946624755859375 69.57996368408203125 65.38355255126953125 62.390544891357421875 57.18297576904296875 49.435779571533203125 47.142642974853515625 60.5755462646484375 71.3809967041015625 76.9178314208984375 81.46050262451171875 81.73812103271484375 82.83557891845703125 81.8876800537109375 82.20400238037109375 83.614471435546875 82.1566314697265625 81.04042816162109375 76.7336273193359375 67.6193084716796875 58.781749725341796875 50.11301422119140625 41.557586669921875 33.777873992919921875 28.353380203247070313 24.742033004760742188
122.34415435791015625 117.35466766357421875 115.379638671875 112.87564849853515625 105.9960174560546875 100.76459503173828125 95.33402252197265625 90.080780029296875 85.2913665771484375 81.7530975341796875 82.38092041015625 76.6868438720703125 74.33716583251953125 72.49999237060546875 69.59487152099609375 70.2370452880859375 66.6360626220703125 64.2052459716796875 61.367885589599609375 57.497470855712890625 50.603271484375 44.60326385498046875 50.0685882568359375 61.960163116455078125 71.8295440673828125 80.9144287109375 80.63002777099609375 84.52164459228515625 84.127349853515625 87.60051727294921875 86.26181793212890625 84.42059326171875 83.76731109619140625 78.35146331787109375 69.9706268310546875 61.227977752685546875 51.093265533447265625 42.3659820556640625 34.674285888671875 29.3487701416015625 26.509019851684570313
119.06726837158203125 114.24010467529296875 108.64678955078125 102.63946533203125 96.8040771484375 92.07665252685546875 87.44690704345703125 83.24465179443359375 81.460174560546875 78.83438873291015625 78.8528900146484375 78.74129486083984375 75.415374755859375 73.50128173828125 70.63152313232421875 68.82785797119140625 66.69300079345703125 64.1543121337890625 61.94959259033203125 57.803829193115234375 52.565296173095703125 45.610202789306640625 45.746368408203125 61.651966094970703125 73.26062774658203125 80.9903717041015625 82.24139404296875 82.79340362548828125 82.49396514892578125 89.1209259033203125 89.79085540771484375 90.520721435546875 86.54402923583984375 79.9476318359375 71.82485198974609375 61.8358612060546875 52.670383453369140625 44.460727691650390625 37.204181671142578125 31.294309616088867188 28.22953033447265625
114.68587493896484375 108.7058868408203125 103.6729888916015625 99.6030426025390625 92.06381988525390625 86.131805419921875 80.61093902587890625 79.71877288818359375 78.90876007080078125 76.45000457763671875 76.57958984375 79.30367279052734375 80.143707275390625 77.4487457275390625 71.81951141357421875 70.1649627685546875 67.262847900390625 63.814899444580078125 62.959255218505859375 61.641376495361328125 57.178440093994140625 51.43154144287109375 43.29470062255859375 54.20468902587890625 70.2414398193359375 78.23370361328125 80.7645721435546875 83.3009796142578125 85.247833251953125 94.74607086181640625 94.511444091796875 90.39144134521484375 87.841217041015625 83.66425323486328125 74.73931884765625 64.39154815673828125 55.52291107177734375 46.521808624267578125 39.634922027587890625 33.82501983642578125 31.4051055908203125
108.992034912109375 106.14987945556640625 101.99861907958984375 96.7475738525390625 89.903411865234375 82.760772705078125 83.169036865234375 79.60584259033203125 77.1715240478515625 75.848907470703125 76.1610107421875 78.02715301513671875 79.74689483642578125 79.1120758056640625 73.8634796142578125 72.85663604736328125 70.7873077392578125 67.5070648193359375 65.64693450927734375 64.95375823974609375 62.24748992919921875 58.180286407470703125 49.452907562255859375 55.579914093017578125 70.73089599609375 78.72414398193359375 79.47309112548828125 85.23413848876953125 88.71955108642578125 98.185760498046875 95.98645782470703125 92.92993927001953125 91.83332061767578125 85.867828369140625 76.548614501953125 66.3953704833984375 57.61181640625 50.3459930419921875 44.847991943359375 39.993076324462890625 36.61257171630859375
105.40895843505859375 100.9177703857421875 97.910675048828125 93.6629791259765625 88.4852447509765625 84.8410491943359375 83.44583892822265625 77.132080078125 74.7981719970703125 75.0923004150390625 74.23876190185546875 76.12640380859375 78.1511383056640625 79.0863189697265625 76.64273834228515625 74.60295867919921875 71.90456390380859375 72.0727081298828125 70.7957916259765625 70.773345947265625 70.69388580322265625 65.63915252685546875 59.084228515625 54.989849090576171875 71.6113739013671875 79.63541412353515625 83.81157684326171875 89.0987548828125 92.06133270263671875 98.17275238037109375 98.9349365234375 96.64896392822265625 92.97283172607421875 86.6522979736328125 79.29450225830078125 70.81793212890625 62.774875640869140625 56.386775970458984375 50.1069793701171875 45.97959136962890625 43.269351959228515625
100.97254180908203125 97.77079010009765625 93.739776611328125 89.35965728759765625 86.7965087890625 83.24539947509765625 80.1873321533203125 74.63077545166015625 72.23996734619140625 71.9981231689453125 73.86949920654296875 73.974945068359375 81.0803070068359375 82.69501495361328125 79.53432464599609375 79.22087860107421875 75.4540863037109375 74.06143951416015625 74.8046112060546875 76.6620330810546875 76.1967315673828125 70.0914306640625 64.45087432861328125 54.4088592529296875 68.14133453369140625 76.98801422119140625 83.925018310546875 93.1401519775390625 94.48307037353515625 101.374420166015625 99.8699493408203125 96.1783294677734375 93.26006317138671875 88.16350555419921875 82.99346160888671875 75.14722442626953125 67.7469940185546875 61.511852264404296875 56.283599853515625 52.4516754150390625 48.7173614501953125
95.32065582275390625 91.61786651611328125 88.45279693603515625 85.77207183837890625 81.91619873046875 77.48169708251953125 73.5506744384765625 71.38645172119140625 70.6448974609375 71.81659698486328125 72.8597869873046875 74.22740936279296875 78.403106689453125 82.2471771240234375 82.8519744873046875 83.487274169921875 81.6669921875 80.6582183837890625 81.57950592041015625 82.26203155517578125 80.0676422119140625 74.74408721923828125 66.9985504150390625 61.247039794921875 59.944309234619140625 76.28558349609375 85.88089752197265625 91.695281982421875 96.95885467529296875 101.65673828125 102.92726898193359375 97.81157684326171875 96.8104095458984375 89.7027130126953125 86.37093353271484375 79.67060089111328125 73.16309356689453125 67.644317626953125 61.749225616455078125 57.3591766357421875 55.432647705078125
88.20394134521484375 86.846954345703125 82.7559967041015625 79.34879302978515625 76.72730255126953125 74.554473876953125 70.202423095703125 69.23424530029296875 68.87398529052734375 67.76287841796875 69.30147552490234375 72.12420654296875 76.6450347900390625 79.7530670166015625 82.43852996826171875 84.4206390380859375 84.91463470458984375 86.7537689208984375 91.267669677734375 88.9196624755859375 83.74077606201171875 82.4591827392578125 75.37529754638671875 71.49457550048828125 62.748775482177734375 77.56835174560546875 85.53429412841796875 96.93195343017578125 100.97307586669921875 98.5456390380859375 104.466094970703125 99.53842926025390625 99.51105499267578125 93.9350128173828125 89.22183990478515625 84.50128173828125 79.29091644287109375 73.2558746337890625 67.66074371337890625 64.50841522216796875 62.5656585693359375
83.769561767578125 80.02440643310546875 78.70394134521484375 77.01895904541015625 74.39882659912109375 72.94129180908203125 69.15431976318359375 65.26927947998046875 66.50269317626953125 65.20369720458984375 66.79113006591796875 70.1243133544921875 73.38224029541015625 77.2223663330078125 79.299652099609375 81.13265228271484375 84.9341583251953125 90.083740234375 94.99700164794921875 94.622528076171875 91.153228759765625 88.31784820556640625 85.668365478515625 78.48626708984375 69.02429962158203125 75.7182769775390625 84.089447021484375 94.26950836181640625 101.16912078857421875 99.78166961669921875 103.4657135009765625 101.72963714599609375 101.63213348388671875 99.9747467041015625 93.31331634521484375 87.56896209716796875 85.33805084228515625 80.6959991455078125 75.70938873291015625 73.09564971923828125 72.0029754638671875
76.639007568359375 74.68218231201171875 74.92324066162109375 73.00566864013671875 72.304046630859375 71.3875579833984375 70.45949554443359375 67.7916412353515625 65.8004913330078125 72.14263153076171875 70.68398284912109375 72.25164031982421875 74.84732818603515625 74.40848541259765625 74.21527862548828125 76.30864715576171875 80.628509521484375 87.0038299560546875 95.84804534912109375 98.18325042724609375 97.587188720703125 91.3041839599609375 92.2125244140625 85.51151275634765625 79.0892486572265625 69.25848388671875 80.7083587646484375 89.9212188720703125 100.9644012451171875 101.31851959228515625 102.84258270263671875 102.8400421142578125 102.07181549072265625 103.5699920654296875 98.82254791259765625 93.234375 91.5557708740234375 88.33994293212890625 83.8410491943359375 81.6100311279296875 81.835540771484375
72.62457275390625 72.14432525634765625 70.080810546875 71.37267303466796875 68.93680572509765625 69.15766143798828125 70.803741455078125 71.176605224609375 72.0179443359375 73.0221405029296875 75.8132476806640625 79.4278564453125 79.0992584228515625 77.31832122802734375 74.4481964111328125 75.5657196044921875 79.49774169921875 84.05449676513671875 96.51213836669921875 101.13287353515625 98.0384063720703125 97.40705108642578125 92.3293304443359375 92.0576629638671875 86.50081634521484375 76.30499267578125 77.7083740234375 86.48567962646484375 95.63201904296875 101.87005615234375 101.625335693359375 101.87290191650390625 105.2801666259765625 104.91278076171875 103.20752716064453125 98.093597412109375 93.88443756103515625 93.47491455078125 91.10434722900390625 88.718780517578125 84.136138916015625
67.08617401123046875 68.83870697021484375 68.62937164306640625 66.529266357421875 69.9065704345703125 66.9520721435546875 68.93845367431640625 68.70803070068359375 69.2801055908203125 70.34297943115234375 74.65705108642578125 75.81526947021484375 75.106475830078125 77.645782470703125 78.81217193603515625 77.5428314208984375 78.89923095703125 88.1041259765625 96.81398773193359375 99.8034515380859375 100.01966094970703125 99.68047332763671875 98.7036895751953125 94.14306640625 91.19732666015625 82.35218048095703125 73.51653289794921875 86.17823028564453125 94.0535888671875 97.8268890380859375 101.03412628173828125 104.39496612548828125 104.1940765380859375 105.19532012939453125 105.97583770751953125 102.5848236083984375 100.59110260009765625 99.84462738037109375 97.8601226806640625 93.30600738525390625 91.276611328125
62.44591522216796875 63.60776519775390625 65.75557708740234375 68.41179656982421875 67.89704132080078125 66.30524444580078125 64.495391845703125 63.638614654541015625 66.1606903076171875 67.8853302001953125 71.715301513671875 77.16913604736328125 76.55815887451171875 78.63536834716796875 79.4875030517578125 82.6276092529296875 85.476593017578125 88.7324676513671875 96.1339874267578125 95.37822723388671875 95.70896148681640625 98.0892181396484375 97.58133697509765625 95.07883453369140625 92.7458953857421875 84.12282562255859375 75.96688079833984375 80.42568206787109375 86.44568634033203125 93.89531707763671875 100.767364501953125 101.582916259765625 106.15016937255859375 107.689910888671875 104.4283905029296875 105.7630462646484375 107.50157928466796875 106.757293701171875 102.8072662353515625 98.8044586181640625 93.658294677734375
59.41674041748046875 60.10036468505859375 64.117767333984375 66.2938079833984375 63.655216217041015625 61.559902191162109375 59.499378204345703125 60.0115509033203125 60.517475128173828125 64.195068359375 67.71183013916015625 72.8592529296875 75.06504058837890625 76.6953277587890625 79.95247650146484375 83.9439239501953125 90.6756134033203125 92.06280517578125 93.39078521728515625 94.1124114990234375 93.049102783203125 94.561431884765625 92.82198333740234375 91.6527557373046875 87.602020263671875 86.786224365234375 84.6635589599609375 81.90241241455078125 83.5937347412109375 91.40108489990234375 95.35761260986328125 103.2956695556640625 105.69464111328125 104.7346038818359375 102.7078399658203125 104.96421051025390625 107.67285919189453125 106.88056182861328125 105.7696685791015625 105.8621063232421875 100.018646240234375
