data-raw/generated/ibe-ibr-demo/single_surface/Results/err27.asc
ncols        358
nrows        426
xllcorner    683282.509631976951
yllcorner    4992832.770215390250
cellsize     30.000000000000
NODATA_value nan
[rows 285 to 303 of 426, columns 123 to 163 of 358]
91.519378662109375 90.3646240234375 89.3731689453125 85.60202789306640625 83.74503326416015625 81.7134552001953125 79.4432525634765625 77.51114654541015625 76.74676513671875 73.60286712646484375 67.16767120361328125 59.821437835693359375 54.984111785888671875 48.366291046142578125 44.0379791259765625 43.36096954345703125 42.16226959228515625 43.6758270263671875 48.29830169677734375 53.479156494140625 45.27077484130859375 40.244335174560546875 37.35102081298828125 38.858184814453125 42.63513946533203125 46.744907379150390625 45.22142791748046875 42.531215667724609375 51.2458343505859375 61.468555450439453125 68.70746612548828125 75.7234039306640625 80.3811187744140625 80.4925537109375 83.836761474609375 84.37705230712890625 90.99008941650390625 91.8683319091796875 95.77846527099609375 107.25734710693359375 109.18359375
92.73974609375 90.1620941162109375 88.71872711181640625 86.4840850830078125 83.70864105224609375 82.1516571044921875 81.3543243408203125 78.6055755615234375 73.95355224609375 70.28939056396484375 67.8096771240234375 62.1877899169921875 54.913387298583984375 48.8790435791015625 45.53891754150390625 42.89630126953125 42.595012664794921875 43.9130401611328125 46.874134063720703125 53.655521392822265625 50.094394683837890625 44.07958221435546875 40.3628997802734375 41.13751220703125 42.137481689453125 42.77691650390625 38.47374725341796875 44.28924560546875 54.020702362060546875 64.33425140380859375 73.93997955322265625 81.948089599609375 88.97231292724609375 94.335418701171875 97.21722412109375 96.2612762451171875 95.20531463623046875 89.04827880859375 94.44406890869140625 105.839569091796875 112.91707611083984375
93.64562225341796875 91.29494476318359375 88.00792694091796875 85.538299560546875 82.88970947265625 79.64373779296875 78.625091552734375 76.15110015869140625 72.0884857177734375 68.16596221923828125 66.6061248779296875 62.707794189453125 55.67017364501953125 51.7246551513671875 46.97894287109375 43.45420074462890625 43.59066009521484375 44.71375274658203125 47.79831695556640625 55.897823333740234375 52.83147430419921875 45.773967742919921875 41.194431304931640625 41.286777496337890625 42.494464874267578125 37.47040557861328125 37.505146026611328125 42.278179168701171875 52.01792144775390625 62.41442108154296875 72.30802154541015625 82.61568450927734375 92.11643218994140625 100.50020599365234375 106.1894683837890625 110.65866851806640625 113.98321533203125 103.796630859375 107.37787628173828125 113.35921478271484375 113.3815460205078125
97.201507568359375 92.2560882568359375 87.58060455322265625 85.3733367919921875 82.14052581787109375 78.10842132568359375 75.8692169189453125 74.01638031005859375 70.68540191650390625 66.156494140625 63.305572509765625 61.02307891845703125 58.509922027587890625 53.328052520751953125 49.910953521728515625 46.388774871826171875 45.0481414794921875 45.90904998779296875 50.787357330322265625 54.814914703369140625 58.413867950439453125 49.37897491455078125 43.910430908203125 39.695430755615234375 35.565540313720703125 32.7164306640625 36.189792633056640625 39.56021881103515625 48.998363494873046875 61.489971160888671875 72.4422149658203125 82.75241851806640625 94.2498321533203125 104.2706451416015625 115.47780609130859375 121.15105438232421875 122.23830413818359375 116.1529083251953125 118.88802337646484375 126.05930328369140625 128.1176605224609375
98.15607452392578125 93.1067352294921875 89.01589202880859375 86.697296142578125 82.471282958984375 79.62152099609375 75.070587158203125 70.97479248046875 67.60980224609375 64.6199951171875 62.478023529052734375 59.992095947265625 56.478542327880859375 54.409076690673828125 52.549530029296875 49.62347412109375 47.00086212158203125 49.68010711669921875 50.81333160400390625 51.694515228271484375 56.85363006591796875 52.61687469482421875 42.187442779541015625 33.954647064208984375 30.171131134033203125 30.68659210205078125 35.00554656982421875 40.116455078125 48.84051513671875 58.004322052001953125 67.5927581787109375 77.58919525146484375 87.99594879150390625 98.9436492919921875 110.073486328125 120.37201690673828125 128.42901611328125 127.12779998779296875 129.169921875 135.616485595703125 138.5705108642578125
101.316986083984375 95.4102020263671875 91.170166015625 86.73354339599609375 83.500762939453125 80.93462371826171875 74.59113311767578125 70.8924560546875 69.90184783935546875 68.2379150390625 63.49581146240234375 59.8566741943359375 55.309780120849609375 52.7243804931640625 50.69040679931640625 47.909915924072265625 46.85379791259765625 44.753734588623046875 43.73409271240234375 46.309299468994140625 46.209064483642578125 48.2528533935546875 37.525150299072265625 30.820634841918945313 30.165048599243164063 32.1223297119140625 35.6900177001953125 37.43157958984375 43.345409393310546875 51.799137115478515625 60.748889923095703125 70.301055908203125 80.3943328857421875 91.0630340576171875 102.250732421875 113.02065277099609375 121.65948486328125 123.3485870361328125 128.3564605712890625 138.921783447265625 147.5731048583984375
103.6806488037109375 99.81372833251953125 94.64032745361328125 89.33066558837890625 85.68985748291015625 82.01268768310546875 78.4974365234375 76.32733917236328125 73.7218475341796875 72.382904052734375 64.93706512451171875 60.367229461669921875 54.406940460205078125 51.11946868896484375 47.4520111083984375 44.512905120849609375 42.102779388427734375 39.577304840087890625 36.053516387939453125 34.901699066162109375 38.27602386474609375 38.527149200439453125 40.429409027099609375 33.07488250732421875 32.793544769287109375 34.3503570556640625 33.46966552734375 34.065097808837890625 37.5889739990234375 45.1174163818359375 53.43772125244140625 62.466522216796875 72.1472015380859375 82.50997161865234375 93.378082275390625 103.78491973876953125 112.97809600830078125 113.539459228515625 120.2009124755859375 130.5575103759765625 141.2107696533203125
106.63127899169921875 102.1853179931640625 95.93367767333984375 92.72534942626953125 87.0004119873046875 84.90261077880859375 84.74939727783203125 80.61963653564453125 78.6311798095703125 76.1122283935546875 71.03031158447265625 60.8652496337890625 55.70694732666015625 51.771678924560546875 49.811603546142578125 45.743846893310546875 42.38643646240234375 37.46320343017578125 33.696582794189453125 31.963134765625 34.29227447509765625 36.931549072265625 42.83107757568359375 38.645305633544921875 36.33467864990234375 33.76422119140625 30.788875579833984375 30.680271148681640625 32.202365875244140625 38.39830780029296875 46.051753997802734375 54.55876922607421875 63.77230072021484375 73.62142181396484375 84.02292633056640625 94.33060455322265625 103.927978515625 103.7590179443359375 110.11588287353515625 120.742828369140625 130.2276611328125
107.65851593017578125 102.641326904296875 99.15190887451171875 93.96306610107421875 92.50025177001953125 91.61948394775390625 88.91683197021484375 85.83927154541015625 82.54620361328125 80.064361572265625 75.845428466796875 66.24073028564453125 60.355747222900390625 57.52544403076171875 53.86358642578125 48.99327850341796875 43.667987823486328125 38.632953643798828125 34.858264923095703125 31.955244064331054688 34.671863555908203125 35.299137115478515625 41.685302734375 46.557331085205078125 38.6475372314453125 33.793613433837890625 28.729879379272460938 27.788629531860351563 28.429180145263671875 32.080440521240234375 39.04201507568359375 47.0522918701171875 55.690090179443359375 64.93987274169921875 74.73999786376953125 84.8096466064453125 94.1115875244140625 96.71157073974609375 99.63055419921875 109.62725067138671875 119.85950469970703125
111.27533721923828125 102.9388580322265625 98.76015472412109375 93.776092529296875 90.7705230712890625 91.35536956787109375 92.79026031494140625 88.5526580810546875 86.536956787109375 83.6473846435546875 77.08690643310546875 71.7544403076171875 65.06403350830078125 60.939197540283203125 58.177978515625 52.380153656005859375 46.12516021728515625 39.9678497314453125 35.668300628662109375 33.37233734130859375 31.667266845703125 32.16689300537109375 38.442836761474609375 49.724628448486328125 44.5570831298828125 35.221637725830078125 28.711944580078125 25.458063125610351563 24.961267471313476563 26.794824600219726563 32.8631439208984375 40.2633209228515625 48.3860015869140625 56.899845123291015625 65.9513092041015625 75.4404754638671875 84.5866851806640625 86.91191864013671875 89.34139251708984375 98.735992431640625 108.5254669189453125
110.22873687744140625 104.987701416015625 99.68280029296875 96.9144134521484375 92.68503570556640625 90.75443267822265625 90.8818511962890625 91.03096771240234375 87.94353485107421875 83.08943939208984375 79.8321990966796875 74.0495147705078125 69.474700927734375 65.77725982666015625 62.221889495849609375 55.85363006591796875 48.890869140625 41.91121673583984375 37.880168914794921875 35.205413818359375 32.576061248779296875 31.915225982666015625 37.025997161865234375 47.66248321533203125 50.24941253662109375 40.298046112060546875 32.304302215576171875 27.114324569702148438 24.030103683471679688 23.838872909545898438 28.18381500244140625 34.840503692626953125 42.276458740234375 49.998828887939453125 58.172809600830078125 66.8030242919921875 75.86292266845703125 80.4073333740234375 79.71697998046875 88.6486053466796875 98.0790863037109375
112.361541748046875 105.84090423583984375 101.08222198486328125 97.1367034912109375 93.71143341064453125 91.11136627197265625 90.2120513916015625 89.44964599609375 88.274505615234375 84.88040924072265625 80.89528656005859375 76.03699493408203125 73.9053802490234375 69.44515228271484375 66.761444091796875 59.9878387451171875 53.10223388671875 45.501384735107421875 41.27210235595703125 37.443450927734375 34.150455474853515625 31.708984375 38.49478912353515625 45.5584716796875 50.071613311767578125 49.636112213134765625 39.914211273193359375 30.479425430297851563 24.679620742797851563 24.194646835327148438 25.259540557861328125 30.914720535278320313 37.649585723876953125 44.595333099365234375 51.90282440185546875 59.6142120361328125 67.821624755859375 75.3336944580078125 74.4870758056640625 79.86963653564453125 88.91484832763671875
111.60036468505859375 107.5768890380859375 104.62680816650390625 98.906646728515625 95.320953369140625 91.90837860107421875 87.7415313720703125 88.830841064453125 88.52027130126953125 85.1333770751953125 82.326690673828125 78.87835693359375 76.50475311279296875 71.61214447021484375 69.846588134765625 63.78844451904296875 56.720844268798828125 50.543056488037109375 45.3891143798828125 40.411373138427734375 37.308902740478515625 35.40320587158203125 42.35507965087890625 46.744892120361328125 42.85303497314453125 39.611667633056640625 35.37744903564453125 35.896785736083984375 30.746686935424804688 26.225492477416992188 26.621320724487304688 28.966375350952148438 34.69727325439453125 40.985752105712890625 47.63776397705078125 54.41461181640625 61.68035888671875 69.48346710205078125 72.25322723388671875 72.65239715576171875 81.080657958984375
111.870513916015625 109.7355194091796875 106.65509033203125 101.03131103515625 96.2028961181640625 92.2580718994140625 87.59670257568359375 86.9512939453125 86.8465576171875 84.678253173828125 83.6302947998046875 81.71970367431640625 78.57334136962890625 75.1397857666015625 72.26494598388671875 68.91329193115234375 62.763408660888671875 56.777187347412109375 50.216762542724609375 45.128017425537109375 41.94023895263671875 40.03931427001953125 43.15606689453125 47.66448211669921875 40.4648895263671875 36.990177154541015625 34.00325775146484375 32.719013214111328125 33.996631622314453125 33.087673187255859375 30.509632110595703125 30.441778182983398438 33.9436798095703125 39.3636322021484375 45.133228302001953125 51.275447845458984375 57.731075286865234375 64.62164306640625 71.44760894775390625 71.93474578857421875 74.73114776611328125
109.9304962158203125 108.39736175537109375 107.0438079833984375 103.625885009765625 95.4256591796875 93.06334686279296875 88.53057098388671875 88.5130462646484375 87.29852294921875 85.56305694580078125 83.65234375 83.18167877197265625 79.12961578369140625 77.2624969482421875 74.74901580810546875 72.45148468017578125 67.0850067138671875 61.862903594970703125 55.22251129150390625 50.625232696533203125 48.280727386474609375 45.542705535888671875 46.97766876220703125 49.03873443603515625 42.43830108642578125 37.693756103515625 35.333705902099609375 31.88101959228515625 32.11792755126953125 32.3871917724609375 35.34017181396484375 36.475902557373046875 35.980640411376953125 40.03931427001953125 44.78501129150390625 50.280548095703125 55.943080902099609375 62.03814697265625 68.61371612548828125 73.2567291259765625 73.07552337646484375
109.64040374755859375 106.4698638916015625 105.098358154296875 100.6146240234375 96.842254638671875 95.0395660400390625 92.68932342529296875 89.11505126953125 86.39731597900390625 86.12451934814453125 84.03327178955078125 83.517181396484375 81.26141357421875 79.3374481201171875 79.1034393310546875 76.96900177001953125 75.03508758544921875 69.75368499755859375 62.589023590087890625 57.375865936279296875 53.35295867919921875 51.513393402099609375 51.544551849365234375 51.239986419677734375 45.0089874267578125 40.09746551513671875 36.459316253662109375 33.373966217041015625 31.897777557373046875 32.64251708984375 33.951313018798828125 37.0119476318359375 41.10283660888671875 44.164882659912109375 46.840648651123046875 51.227954864501953125 56.245090484619140625 61.42803192138671875 67.2754058837890625 73.91840362548828125 76.49709320068359375
106.887664794921875 104.649444580078125 99.03801727294921875 98.68431854248046875 97.01528167724609375 94.89455413818359375 93.79721832275390625 90.237213134765625 86.28350067138671875 86.80886077880859375 85.6312103271484375 84.85345458984375 83.579925537109375 80.5556182861328125 81.67417144775390625 80.2245330810546875 78.28678131103515625 74.7606353759765625 69.15380096435546875 63.59185791015625 59.268016815185546875 58.4572601318359375 58.155284881591796875 54.37796783447265625 50.2152099609375 44.900936126708984375 41.120388031005859375 39.24658966064453125 37.88932037353515625 37.522006988525390625 38.065113067626953125 39.72422027587890625 42.727199554443359375 45.633266448974609375 47.7988128662109375 53.088123321533203125 57.3252410888671875 62.98339080810546875 68.05466461181640625 73.5688018798828125 80.69896697998046875
103.23810577392578125 102.0641937255859375 98.028656005859375 97.27547454833984375 97.120147705078125 94.91934967041015625 94.08435821533203125 91.3953704833984375 89.1274261474609375 87.82294464111328125 86.28269195556640625 84.13755035400390625 81.42798614501953125 80.46077728271484375 80.12561798095703125 81.055328369140625 78.599761962890625 76.7571258544921875 72.1552734375 69.328521728515625 65.9901123046875 65.34581756591796875 65.08380126953125 58.7256622314453125 56.5151519775390625 53.359844207763671875 50.236728668212890625 47.34836578369140625 45.62128448486328125 44.4900970458984375 43.97006988525390625 45.22949981689453125 47.078857421875 49.16719818115234375 51.135162353515625 54.1400299072265625 57.47042083740234375 61.548583984375 67.143280029296875 75.22412109375 83.40135955810546875
104.78618621826171875 99.9830322265625 96.89592742919921875 93.15285491943359375 93.04132080078125 94.1579437255859375 91.78064727783203125 90.8118743896484375 87.9615631103515625 86.34934234619140625 84.7418060302734375 81.32750701904296875 80.73763275146484375 78.11869049072265625 77.411712646484375 76.50658416748046875 78.2879791259765625 75.4855499267578125 73.1451568603515625 73.780364990234375 72.0146636962890625 73.4920806884765625 72.27886962890625 65.57436370849609375 62.874492645263671875 61.654735565185546875 59.89661407470703125 57.391864776611328125 54.6201019287109375 53.341976165771484375 53.680660247802734375 54.495594024658203125 55.473766326904296875 56.4864349365234375 57.763889312744140625 59.566013336181640625 62.160984039306640625 65.2206573486328125 68.89876556396484375 72.637237548828125 80.48148345947265625
