data-raw/generated/ibe-ibr-demo/single_surface/Results/err27.asc
ncols        358
nrows        426
xllcorner    683282.509631976951
yllcorner    4992832.770215390250
cellsize     30.000000000000
NODATA_value nan
[rows 152 to 170 of 426, columns 164 to 204 of 358]
112.21245574951171875 109.48491668701171875 108.30487060546875 103.921661376953125 99.19376373291015625 94.296356201171875 88.9351043701171875 82.99364471435546875 76.79625701904296875 80.54758453369140625 83.36896514892578125 84.5511932373046875 80.71863555908203125 77.4398956298828125 75.94744110107421875 77.92844390869140625 82.0842437744140625 88.32088470458984375 88.14472198486328125 90.5540313720703125 94.4060516357421875 99.28874969482421875 103.83349609375 106.911590576171875 104.64870452880859375 103.978302001953125 103.7669677734375 103.7960357666015625 106.8175201416015625 108.2884368896484375 108.06299591064453125 104.23846435546875 100.49127960205078125 96.577545166015625 99.61061859130859375 83.56613922119140625 82.403350830078125 81.76911163330078125 79.8356170654296875 79.61983489990234375 82.68414306640625
120.0281219482421875 117.8933563232421875 114.4292144775390625 110.48575592041015625 105.0104827880859375 98.81390380859375 92.5139923095703125 86.2214202880859375 81.72437286376953125 80.94475555419921875 84.52571868896484375 86.54201507568359375 89.24367523193359375 87.7453460693359375 85.8077545166015625 85.35791778564453125 89.30751800537109375 94.8679046630859375 98.70810699462890625 101.38785552978515625 105.00189208984375 109.3467864990234375 109.45883941650390625 111.37920379638671875 110.03484344482421875 111.0728912353515625 113.4395294189453125 118.7062530517578125 121.50995635986328125 120.56018829345703125 118.2685699462890625 114.49692535400390625 111.18575286865234375 110.64234161376953125 99.1263275146484375 81.90521240234375 72.53033447265625 76.57817840576171875 84.577911376953125 89.39803314208984375 91.49410247802734375
128.17266845703125 125.453765869140625 121.591552734375 115.9756011962890625 110.240264892578125 104.08875274658203125 95.7442626953125 87.61107635498046875 85.73388671875 85.30687713623046875 84.63619232177734375 86.76790618896484375 91.313995361328125 93.54222869873046875 93.677734375 92.5217437744140625 93.4716033935546875 99.2650146484375 107.74908447265625 109.26862335205078125 111.18752288818359375 111.52672576904296875 113.1011199951171875 115.73274993896484375 116.1562652587890625 118.14339447021484375 122.00447845458984375 127.3466796875 128.7076568603515625 129.3034515380859375 127.30517578125 126.8168487548828125 123.40352630615234375 118.48172760009765625 95.44849395751953125 81.5801544189453125 72.77770233154296875 73.272979736328125 80.42424774169921875 87.703399658203125 89.4098358154296875
135.2428436279296875 132.8333282470703125 127.48833465576171875 121.69109344482421875 115.11273956298828125 106.44509124755859375 97.6544952392578125 92.71352386474609375 88.1195526123046875 87.46967315673828125 87.75959014892578125 86.46950531005859375 87.0756683349609375 89.6951904296875 91.58467864990234375 90.9071502685546875 92.96364593505859375 95.64775848388671875 105.896881103515625 110.1240081787109375 111.453948974609375 112.56659698486328125 114.45810699462890625 118.10693359375 120.68927764892578125 121.8344268798828125 125.13941192626953125 127.06873321533203125 129.1174163818359375 133.655792236328125 132.900543212890625 130.3047943115234375 127.4339447021484375 106.1593017578125 91.2717742919921875 78.0205078125 72.10204315185546875 72.571533203125 78.8229217529296875 80.79991912841796875 84.26610565185546875
139.387969970703125 136.5518035888671875 131.8822784423828125 125.63742828369140625 117.31945037841796875 108.134002685546875 98.420318603515625 94.78432464599609375 90.20829010009765625 87.17388916015625 85.90933990478515625 87.45751190185546875 87.87668609619140625 88.55475616455078125 88.78505706787109375 87.98874664306640625 87.84546661376953125 91.33349609375 99.41351318359375 108.51973724365234375 110.5842437744140625 113.628692626953125 113.89226531982421875 118.59934234619140625 120.9330902099609375 123.27725982666015625 126.3809051513671875 129.1255950927734375 131.4278717041015625 132.9122467041015625 133.750213623046875 133.072906494140625 119.922607421875 96.10158538818359375 83.4060211181640625 75.8727874755859375 72.94635772705078125 73.6613616943359375 76.5670166015625 79.16973114013671875 83.849945068359375
139.843841552734375 136.22943115234375 131.2222137451171875 125.40177154541015625 117.5593719482421875 107.18953704833984375 98.0644378662109375 92.35634613037109375 88.937652587890625 87.05126190185546875 85.429901123046875 86.39833831787109375 87.59051513671875 84.76055145263671875 87.0521240234375 85.332183837890625 86.302642822265625 86.33652496337890625 96.65317535400390625 103.7677459716796875 105.65488433837890625 109.31993865966796875 110.531036376953125 115.1912994384765625 117.136138916015625 120.0272064208984375 122.457489013671875 123.3012237548828125 126.96190643310546875 131.9102020263671875 134.2215118408203125 133.3398895263671875 104.86768341064453125 83.4110870361328125 75.48749542236328125 71.025634765625 70.38886260986328125 75.6929779052734375 78.36466217041015625 80.345489501953125 82.98809814453125
132.46435546875 129.0987701416015625 125.57175445556640625 119.17486572265625 110.19496917724609375 100.16628265380859375 95.0208587646484375 97.51146697998046875 97.13265228271484375 105.9942169189453125 102.6455230712890625 102.50173187255859375 101.069549560546875 98.2071533203125 97.178466796875 96.74890899658203125 96.68238067626953125 93.11643218994140625 97.1691741943359375 107.67328643798828125 110.40069580078125 114.148193359375 118.964080810546875 121.19835662841796875 121.19387054443359375 116.3083038330078125 124.0537567138671875 134.07781982421875 137.3506011962890625 137.7610931396484375 133.589202880859375 127.14455413818359375 86.556640625 68.9618072509765625 62.37631988525390625 63.15094757080078125 66.012451171875 71.16376495361328125 76.301727294921875 80.37482452392578125 82.75876617431640625
141.714874267578125 135.5643463134765625 130.3099365234375 118.45085906982421875 109.1638641357421875 107.32704925537109375 111.95426177978515625 115.04547119140625 114.748565673828125 115.407684326171875 116.35868072509765625 111.610321044921875 108.96494293212890625 106.8939361572265625 106.04544830322265625 105.63712310791015625 104.9071197509765625 101.942626953125 102.78974151611328125 109.133270263671875 111.58904266357421875 115.60565185546875 121.07744598388671875 124.6270599365234375 128.4209442138671875 134.0020904541015625 143.5911865234375 149.459686279296875 152.7310638427734375 149.3814544677734375 137.8497314453125 112.691497802734375 87.3496246337890625 60.16150665283203125 54.330333709716796875 58.01380157470703125 63.67511749267578125 68.37412261962890625 75.98090362548828125 80.159149169921875 83.403106689453125
149.74200439453125 144.75750732421875 137.371368408203125 131.5354461669921875 130.52587890625 128.774627685546875 126.078857421875 125.8918304443359375 127.13401031494140625 119.2605438232421875 112.72283172607421875 107.59485626220703125 104.50559234619140625 102.08403778076171875 101.02666473388671875 101.05124664306640625 101.32745361328125 102.2633209228515625 111.41689300537109375 112.94208526611328125 110.80765533447265625 112.78707122802734375 118.89104461669921875 124.5305328369140625 131.207275390625 136.4125213623046875 146.05023193359375 152.9629669189453125 151.2482452392578125 146.5815582275390625 134.476654052734375 107.78292083740234375 89.8763275146484375 67.830657958984375 57.569637298583984375 52.28015899658203125 60.770420074462890625 66.42486572265625 74.7531280517578125 80.42725372314453125 84.1621856689453125
141.2095947265625 138.5247344970703125 143.1905975341796875 143.1265106201171875 138.400787353515625 134.1569061279296875 130.503936767578125 132.073486328125 121.1406097412109375 112.95383453369140625 106.51342010498046875 102.4404754638671875 99.477813720703125 97.158843994140625 96.31920623779296875 95.80849456787109375 95.4978790283203125 96.22393035888671875 104.82022857666015625 112.96059417724609375 113.26624298095703125 112.11334991455078125 115.14048004150390625 121.11673736572265625 128.9035186767578125 139.037750244140625 143.70989990234375 144.9611053466796875 141.45709228515625 138.4234771728515625 115.08696746826171875 101.1346282958984375 88.592803955078125 76.1964111328125 66.9611663818359375 61.3630218505859375 54.54271697998046875 61.078327178955078125 72.1891021728515625 81.07990264892578125 84.49520111083984375
136.927032470703125 142.081787109375 141.4250946044921875 139.3239898681640625 136.3877716064453125 133.3963623046875 134.6372833251953125 124.28192901611328125 113.44499969482421875 105.652435302734375 99.46698760986328125 95.391387939453125 92.5042572021484375 90.33737945556640625 89.52974700927734375 88.96833038330078125 88.773773193359375 91.71607208251953125 100.22199249267578125 105.23276519775390625 109.3433837890625 108.29390716552734375 110.44307708740234375 115.89382171630859375 122.24359893798828125 133.392303466796875 139.20263671875 133.799835205078125 130.4360504150390625 120.294952392578125 107.54273223876953125 97.35288238525390625 90.1234130859375 82.11243438720703125 76.0265655517578125 70.7440338134765625 65.07971954345703125 65.0347900390625 72.1820526123046875 82.04250335693359375 85.56351470947265625
138.3761444091796875 138.2018890380859375 136.70025634765625 133.5784454345703125 132.059234619140625 133.12860107421875 126.85651397705078125 116.17168426513671875 106.02530670166015625 98.57053375244140625 92.68885040283203125 88.78192138671875 85.308135986328125 83.645904541015625 82.80886077880859375 81.99607086181640625 81.58863067626953125 86.518798828125 94.43514251708984375 97.29297637939453125 101.52983856201171875 107.8112030029296875 107.98943328857421875 112.182769775390625 117.01016998291015625 125.91419219970703125 129.8409271240234375 127.36545562744140625 117.8260955810546875 103.4203033447265625 96.755401611328125 94.01615142822265625 92.5201873779296875 88.47306060791015625 83.6414947509765625 76.606536865234375 74.6757965087890625 75.88983917236328125 77.50875091552734375 84.6689910888671875 89.35160064697265625
131.6169891357421875 131.325469970703125 130.3412933349609375 129.0167694091796875 127.0571441650390625 127.9938201904296875 118.66675567626953125 108.4299163818359375 98.97338104248046875 92.229583740234375 86.2784881591796875 82.09966278076171875 78.66986083984375 76.99376678466796875 75.99236297607421875 75.16315460205078125 75.70470428466796875 81.94826507568359375 86.83929443359375 89.5330352783203125 94.01625823974609375 100.39340972900390625 104.48966217041015625 106.7619171142578125 113.07805633544921875 119.922943115234375 119.96576690673828125 115.44115447998046875 106.94403839111328125 95.08167266845703125 91.16442108154296875 91.1971435546875 90.42360687255859375 91.0103302001953125 87.6748199462890625 83.38043212890625 83.146942138671875 84.83325958251953125 88.11290740966796875 86.45287322998046875 91.08820343017578125
125.9323272705078125 125.301116943359375 123.55776214599609375 124.79798126220703125 124.020172119140625 120.52213287353515625 111.21686553955078125 101.4825592041015625 92.868072509765625 86.30277252197265625 80.44219970703125 75.98792266845703125 72.75667572021484375 70.7717437744140625 69.57793426513671875 68.78025054931640625 71.61251068115234375 76.832611083984375 79.5652923583984375 82.41727447509765625 87.11297607421875 93.63333892822265625 101.48453521728515625 101.8629302978515625 108.48351287841796875 111.3404998779296875 109.24419403076171875 107.45864105224609375 98.9329986572265625 87.865966796875 87.55580902099609375 88.55493927001953125 89.97835540771484375 92.39144134521484375 90.424530029296875 90.43520355224609375 90.622344970703125 92.15936279296875 96.08512115478515625 96.693572998046875 91.75716400146484375
119.39727783203125 118.500946044921875 117.6699066162109375 118.6425933837890625 118.67362213134765625 113.7255401611328125 104.60477447509765625 95.68004608154296875 88.09613037109375 81.7572174072265625 75.78237152099609375 70.56158447265625 68.2030029296875 65.85224151611328125 64.1525421142578125 64.50775909423828125 67.2243499755859375 72.36307525634765625 74.7067413330078125 76.31974029541015625 81.195587158203125 87.95306396484375 96.6548004150390625 98.791961669921875 104.67469024658203125 106.31048583984375 102.15581512451171875 101.4833221435546875 92.89928436279296875 84.83905029296875 84.8046417236328125 85.94591522216796875 89.64403533935546875 92.68047332763671875 94.1728515625 96.11867523193359375 96.8900604248046875 99.25885009765625 102.232452392578125 102.3988189697265625 97.20438385009765625
114.58642578125 113.674835205078125 115.97756195068359375 112.951324462890625 112.8149871826171875 107.9922637939453125 99.37496185302734375 91.57939910888671875 84.87259674072265625 77.8869171142578125 71.4750823974609375 67.3842620849609375 64.2347564697265625 61.742740631103515625 59.99703216552734375 61.742504119873046875 64.6108551025390625 70.8052825927734375 73.6449127197265625 74.27814483642578125 76.81891632080078125 83.69891357421875 92.71514892578125 95.07772064208984375 100.9931182861328125 101.028411865234375 95.77675628662109375 94.7967376708984375 88.29996490478515625 81.046539306640625 81.492034912109375 84.1188201904296875 89.095855712890625 92.477874755859375 95.70525360107421875 98.6098785400390625 100.4495697021484375 104.2222900390625 107.28818511962890625 110.89362335205078125 107.1042022705078125
109.8997650146484375 108.9119110107421875 111.38897705078125 108.4897613525390625 108.7067108154296875 104.24590301513671875 96.22930145263671875 89.99387359619140625 82.8130645751953125 75.46984100341796875 69.40361785888671875 65.78546142578125 61.571521759033203125 58.543560028076171875 58.926361083984375 60.611476898193359375 63.991725921630859375 72.23690032958984375 75.31097412109375 75.52425384521484375 77.43910980224609375 82.18289947509765625 90.553131103515625 95.9246368408203125 100.34697723388671875 98.1217193603515625 91.24585723876953125 91.3643341064453125 87.078277587890625 81.15998077392578125 79.3139190673828125 85.57074737548828125 90.37250518798828125 94.3143157958984375 100.4990692138671875 104.10881805419921875 106.8705596923828125 110.25576019287109375 114.84610748291015625 118.47637176513671875 114.0577239990234375
109.21209716796875 108.1390533447265625 110.760833740234375 105.43212890625 106.40239715576171875 103.25501251220703125 97.01010894775390625 89.5230255126953125 81.55966949462890625 76.54381561279296875 70.45960235595703125 64.74936676025390625 60.73126220703125 59.098445892333984375 59.40288543701171875 60.83447265625 66.94217681884765625 73.52964019775390625 72.20334625244140625 73.86417388916015625 78.4484100341796875 86.1423187255859375 94.1660308837890625 96.0640411376953125 98.90494537353515625 91.0004730224609375 87.09642791748046875 88.92636871337890625 82.13086700439453125 77.1100006103515625 80.29560089111328125 85.81758880615234375 91.6007537841796875 96.13120269775390625 101.90474700927734375 106.85990142822265625 110.46893310546875 115.8757171630859375 119.77202606201171875 120.623626708984375 119.27529144287109375
98.24561309814453125 99.89424896240234375 105.2501678466796875 105.81459808349609375 108.84466552734375 106.99771881103515625 98.9659881591796875 91.075439453125 86.51263427734375 78.7130584716796875 71.22182464599609375 65.4668731689453125 63.53656005859375 61.48134613037109375 62.215061187744140625 66.66407012939453125 67.05231475830078125 65.1043548583984375 65.2785797119140625 68.21802520751953125 73.543975830078125 80.77020263671875 89.82062530517578125 91.16473388671875 93.45189666748046875 88.51947784423828125 86.52811431884765625 88.53127288818359375 84.0908355712890625 78.476165771484375 82.93379974365234375 89.00630950927734375 94.65004730224609375 99.46353912353515625 105.437896728515625 109.3705902099609375 113.01245880126953125 120.30701446533203125 124.400390625 127.57544708251953125 126.87912750244140625
