data-raw/generated/ibe-ibr-demo/single_surface/Results/err27.asc
ncols        358
nrows        426
xllcorner    683282.509631976951
yllcorner    4992832.770215390250
cellsize     30.000000000000
NODATA_value nan
[rows 342 to 360 of 426, columns 205 to 245 of 358]
53.57270050048828125 54.80190277099609375 52.17157745361328125 50.25005340576171875 51.77498626708984375 51.091999053955078125 51.34275054931640625 51.13262939453125 49.406635284423828125 49.225921630859375 46.8351593017578125 46.6132354736328125 44.802211761474609375 46.429355621337890625 51.399127960205078125 57.75606536865234375 62.85517120361328125 70.3069000244140625 75.042633056640625 80.912017822265625 85.44756317138671875 89.315643310546875 93.487274169921875 96.0518341064453125 98.8278961181640625 103.06803131103515625 106.6803436279296875 112.76570892333984375 119.39056396484375 125.44831085205078125 130.06048583984375 133.9956512451171875 137.7408905029296875 139.8121337890625 139.291412353515625 140.8931732177734375 139.9140625 136.927215576171875 131.1778564453125 121.22136688232421875 115.04344940185546875
43.049846649169921875 45.2098846435546875 47.786121368408203125 49.646045684814453125 50.818363189697265625 50.77066802978515625 50.373180389404296875 50.71063995361328125 51.13751220703125 52.15476226806640625 51.609142303466796875 49.1641693115234375 46.040317535400390625 48.35040283203125 52.903110504150390625 60.8661041259765625 65.68596649169921875 74.21570587158203125 78.4996185302734375 85.163726806640625 89.143310546875 94.16217041015625 96.8759002685546875 99.2953948974609375 104.33670806884765625 110.0803985595703125 116.56940460205078125 120.95777130126953125 124.86592864990234375 127.98065948486328125 134.99310302734375 138.7994537353515625 141.3906402587890625 143.062469482421875 139.808837890625 137.779632568359375 134.909637451171875 127.28155517578125 118.09645843505859375 122.10686492919921875 128.6568603515625
39.05450439453125 39.94593048095703125 43.747440338134765625 46.257659912109375 48.6610107421875 50.510807037353515625 51.51973724365234375 51.489116668701171875 54.268901824951171875 55.588665008544921875 54.1169281005859375 53.4388427734375 48.812046051025390625 52.121608734130859375 57.149723052978515625 63.273731231689453125 69.3146209716796875 77.2511444091796875 81.334991455078125 88.96897125244140625 93.9276580810546875 97.7328338623046875 100.1478424072265625 104.36348724365234375 111.3445892333984375 118.986785888671875 124.07115936279296875 128.5670928955078125 130.61956787109375 133.99273681640625 138.8203277587890625 141.8331451416015625 143.5601806640625 141.5257110595703125 140.13818359375 134.7051544189453125 126.371368408203125 121.86986541748046875 129.2876434326171875 133.0634765625 133.2147674560546875
34.234039306640625 36.640621185302734375 39.50984954833984375 43.8261260986328125 44.7054595947265625 47.8066253662109375 50.99150848388671875 53.56884765625 55.94429779052734375 57.257022857666015625 56.596790313720703125 53.83879852294921875 51.276683807373046875 55.2842559814453125 62.485500335693359375 68.48229217529296875 74.8133087158203125 80.1692962646484375 85.2932586669921875 91.44591522216796875 96.4798583984375 101.5694427490234375 108.257598876953125 111.1715087890625 118.23549652099609375 125.42128753662109375 130.2288360595703125 134.94390869140625 136.9778289794921875 139.943267822265625 142.568939208984375 142.50640869140625 141.463775634765625 137.829345703125 133.5119781494140625 123.85590362548828125 130.418975830078125 136.5103912353515625 136.5866851806640625 136.4407806396484375 133.0095672607421875
37.343044281005859375 38.888713836669921875 37.9722442626953125 40.75505828857421875 45.730861663818359375 50.107936859130859375 52.1802215576171875 54.58544158935546875 55.84686279296875 57.66365814208984375 58.625518798828125 55.2904205322265625 56.756885528564453125 61.668430328369140625 69.42961883544921875 74.30605316162109375 81.442840576171875 87.19374847412109375 91.68996429443359375 96.3501129150390625 100.73186492919921875 105.47655487060546875 111.71666717529296875 116.5326385498046875 121.59792327880859375 127.19423675537109375 131.7147979736328125 136.873870849609375 141.089813232421875 142.4033966064453125 140.8626556396484375 140.2995147705078125 136.623870849609375 129.5341339111328125 124.00011444091796875 135.6197509765625 139.5457305908203125 141.240509033203125 139.4645538330078125 136.652099609375 131.1107635498046875
40.1917877197265625 43.357334136962890625 42.497791290283203125 41.30097198486328125 44.34804534912109375 48.653774261474609375 52.534160614013671875 55.264835357666015625 56.1742095947265625 59.695446014404296875 57.98712158203125 60.087436676025390625 64.834747314453125 69.431671142578125 73.12946319580078125 78.82088470458984375 86.71662139892578125 92.31729888916015625 97.90546417236328125 102.9037322998046875 107.4871826171875 114.18677520751953125 118.998016357421875 124.07508087158203125 128.46710205078125 131.5203704833984375 134.7773895263671875 136.2900543212890625 137.7410736083984375 136.9173583984375 135.439544677734375 132.4278564453125 127.1239776611328125 131.6532440185546875 135.4912261962890625 139.9636077880859375 140.5440521240234375 143.0068817138671875 139.9990234375 136.482208251953125 129.2478179931640625
43.1817169189453125 46.334064483642578125 46.3683929443359375 45.744396209716796875 44.831844329833984375 48.377475738525390625 51.963100433349609375 55.323970794677734375 57.512210845947265625 57.351696014404296875 61.18593597412109375 67.011505126953125 71.41815185546875 75.90720367431640625 80.6066436767578125 84.08765411376953125 92.4962615966796875 98.2637939453125 104.2829742431640625 111.19322967529296875 117.19321441650390625 123.94297027587890625 125.95287322998046875 131.4821319580078125 133.332794189453125 137.0451812744140625 137.0533905029296875 136.3765869140625 131.0203399658203125 122.5374908447265625 118.75392913818359375 131.7053680419921875 138.5918426513671875 140.3937225341796875 141.2472076416015625 139.2476806640625 142.17254638671875 139.8594512939453125 138.2201995849609375 131.366363525390625 123.572296142578125
48.03790283203125 52.39023590087890625 49.23911285400390625 52.091632843017578125 51.4904937744140625 51.087207794189453125 52.139034271240234375 52.051044464111328125 55.258472442626953125 59.98976898193359375 65.862518310546875 71.855743408203125 78.9281005859375 84.29913330078125 86.892791748046875 88.88504791259765625 97.7817230224609375 105.9678955078125 113.88755035400390625 120.19228363037109375 125.88317108154296875 129.328765869140625 131.7999267578125 134.705657958984375 138.549713134765625 138.0221099853515625 136.938018798828125 128.8815460205078125 118.1480865478515625 126.9223785400390625 130.3749237060546875 135.97540283203125 142.08160400390625 142.9217681884765625 140.0155487060546875 136.992034912109375 137.6518096923828125 134.997650146484375 132.501861572265625 126.402130126953125 119.5722503662109375
51.73894500732421875 56.8840179443359375 56.112316131591796875 57.280261993408203125 58.605411529541015625 54.7692413330078125 55.216053009033203125 53.337261199951171875 56.263042449951171875 63.16364288330078125 70.8955230712890625 77.661163330078125 82.679168701171875 87.85771942138671875 91.61382293701171875 95.44200897216796875 104.83487701416015625 114.55786895751953125 122.0917816162109375 127.12903594970703125 130.371337890625 133.7707061767578125 134.640655517578125 136.5343170166015625 138.8672332763671875 135.2827911376953125 127.1370697021484375 126.6578216552734375 134.256561279296875 137.0269775390625 135.372528076171875 136.3126068115234375 142.7888031005859375 142.364532470703125 138.834381103515625 134.023345947265625 131.4852294921875 128.2871856689453125 127.88362884521484375 121.7780914306640625 113.6075592041015625
58.857028961181640625 62.815502166748046875 60.32390594482421875 62.9034271240234375 60.99820709228515625 58.294097900390625 60.741130828857421875 62.156406402587890625 62.922149658203125 66.64371490478515625 74.0984344482421875 80.20661163330078125 86.423004150390625 90.264068603515625 92.668212890625 99.5739288330078125 108.413177490234375 118.63600921630859375 125.21370697021484375 130.815399169921875 135.3473358154296875 135.4669647216796875 136.6663970947265625 135.9210968017578125 133.564117431640625 124.608428955078125 130.466766357421875 137.1212921142578125 139.28204345703125 138.8412628173828125 135.1219940185546875 135.6637725830078125 137.130126953125 138.7212066650390625 134.3437042236328125 127.90389251708984375 124.819976806640625 123.90393829345703125 119.005340576171875 111.8892822265625 107.46893310546875
60.319644927978515625 63.332714080810546875 63.700252532958984375 64.1613616943359375 64.57289886474609375 63.340526580810546875 67.51540374755859375 68.75624847412109375 70.28289031982421875 72.07131195068359375 74.4379119873046875 80.76459503173828125 85.354461669921875 90.48679351806640625 97.7232666015625 105.5389251708984375 113.318115234375 121.81683349609375 128.5583953857421875 134.7579345703125 138.8778076171875 138.534942626953125 135.54351806640625 130.4832000732421875 123.47335052490234375 133.7572174072265625 138.44183349609375 140.30224609375 140.69146728515625 137.46417236328125 133.1107177734375 132.882354736328125 133.82025146484375 133.3655548095703125 129.258880615234375 122.349456787109375 118.80828094482421875 114.5307769775390625 108.49243927001953125 104.51694488525390625 103.33444976806640625
62.4719696044921875 63.978519439697265625 64.12616729736328125 66.4494781494140625 67.0828704833984375 69.5675048828125 72.958343505859375 74.8199462890625 77.38970947265625 79.94039154052734375 83.7191619873046875 84.5166473388671875 86.36081695556640625 92.23670196533203125 101.92249298095703125 111.17376708984375 118.05033111572265625 124.9111175537109375 127.78665924072265625 132.16558837890625 136.0853271484375 137.901519775390625 131.1790313720703125 123.89456939697265625 135.6897430419921875 140.259033203125 141.361663818359375 139.665863037109375 137.8808441162109375 132.4864349365234375 132.277618408203125 129.6669769287109375 125.84294891357421875 129.15606689453125 122.99546051025390625 115.06717681884765625 107.86670684814453125 104.760955810546875 101.1059417724609375 99.116424560546875 99.50650787353515625
62.27074432373046875 61.672332763671875 64.95458984375 69.56845855712890625 72.333953857421875 74.22582244873046875 78.4428863525390625 79.69396209716796875 82.13869476318359375 84.84712982177734375 88.06008148193359375 90.77719879150390625 95.4363555908203125 99.96897125244140625 107.5028839111328125 116.4823150634765625 123.0056915283203125 128.95269775390625 130.419036865234375 129.067474365234375 128.6874237060546875 124.39688873291015625 126.77919769287109375 135.19818115234375 140.9932098388671875 141.5103607177734375 140.3212890625 137.26776123046875 132.1855316162109375 127.79053497314453125 127.36279296875 125.59699249267578125 121.09033203125 120.616912841796875 114.164794921875 106.70455169677734375 99.90953826904296875 94.68900299072265625 92.5467529296875 95.2466278076171875 93.0045166015625
61.099155426025390625 62.8947296142578125 65.44219970703125 71.4283294677734375 76.37059783935546875 79.7623443603515625 84.366607666015625 85.82976531982421875 89.105621337890625 91.11998748779296875 95.29425811767578125 99.90579986572265625 105.10919952392578125 109.10475921630859375 113.91004180908203125 121.20442962646484375 127.5655975341796875 130.3110809326171875 128.352020263671875 124.66049957275390625 118.85651397705078125 121.8568115234375 132.0076904296875 138.8784027099609375 141.6130523681640625 139.542572021484375 136.942169189453125 132.2578277587890625 126.00830078125 123.0802001953125 120.68264007568359375 120.02079010009765625 114.769683837890625 112.0373382568359375 106.04654693603515625 99.2782440185546875 93.435577392578125 89.648590087890625 87.27130126953125 87.63115692138671875 86.8541259765625
61.37825775146484375 63.937957763671875 68.91082000732421875 73.65938568115234375 79.37760162353515625 83.20922088623046875 86.96268463134765625 88.67670440673828125 92.704437255859375 96.98670196533203125 102.3346710205078125 107.379302978515625 112.1136932373046875 117.32523345947265625 121.2965545654296875 126.248748779296875 130.479034423828125 131.913238525390625 125.78658294677734375 118.056915283203125 120.61452484130859375 129.913238525390625 134.811492919921875 137.4815216064453125 139.5897674560546875 136.4626617431640625 131.2404632568359375 127.34351348876953125 123.064849853515625 116.4476470947265625 115.5933837890625 113.0294952392578125 107.17047119140625 103.8735198974609375 98.21462249755859375 92.4310302734375 88.60155487060546875 87.9776153564453125 83.51245880126953125 82.58391571044921875 79.064605712890625
62.286464691162109375 67.0606536865234375 70.77147674560546875 76.6462554931640625 81.5739288330078125 86.225677490234375 89.14006805419921875 91.51210784912109375 97.239990234375 103.61639404296875 108.397979736328125 112.84558868408203125 118.48809051513671875 124.0270538330078125 128.8371429443359375 133.447723388671875 135.0843505859375 134.1082763671875 124.12752532958984375 117.71785736083984375 128.879669189453125 134.96661376953125 136.6202392578125 135.989654541015625 135.30633544921875 131.92254638671875 126.42081451416015625 121.414154052734375 116.93534088134765625 112.6026611328125 109.8513031005859375 105.17029571533203125 100.11225128173828125 97.10153961181640625 90.37580108642578125 88.3767242431640625 85.34819793701171875 82.828643798828125 80.59488677978515625 77.51110076904296875 73.1039886474609375
65.1544342041015625 69.01617431640625 74.07163238525390625 79.3574981689453125 83.96443939208984375 88.42052459716796875 90.620635986328125 96.3939056396484375 101.90306854248046875 109.20098114013671875 113.79688262939453125 116.983245849609375 121.93450927734375 126.857879638671875 132.5266876220703125 135.888519287109375 137.9455718994140625 131.7964630126953125 118.9730224609375 126.035980224609375 135.475006103515625 137.519195556640625 136.25592041015625 132.266387939453125 128.604217529296875 126.07688140869140625 121.4007720947265625 116.13521575927734375 110.2104644775390625 106.797760009765625 102.5120697021484375 96.90628814697265625 92.5952606201171875 90.5305938720703125 84.93682861328125 82.26819610595703125 79.7146759033203125 77.12239837646484375 75.0427093505859375 71.05899810791015625 68.17234039306640625
68.5426025390625 72.24315643310546875 77.773284912109375 82.2893524169921875 86.506805419921875 88.58499908447265625 92.1849822998046875 99.21926116943359375 107.491424560546875 114.2007598876953125 118.291168212890625 121.0992584228515625 126.076507568359375 131.9860992431640625 137.0153656005859375 138.9929962158203125 136.003631591796875 126.20561981201171875 121.53592681884765625 132.1445465087890625 136.2796173095703125 136.0434417724609375 133.6610565185546875 129.3990478515625 122.95026397705078125 118.655181884765625 114.77639007568359375 111.5438690185546875 105.01044464111328125 99.177764892578125 94.1893768310546875 89.75081634521484375 91.47566986083984375 89.17962646484375 83.761505126953125 77.47064971923828125 74.93764495849609375 71.6709136962890625 68.0726776123046875 67.76261138916015625 64.79444122314453125
69.408416748046875 75.12929534912109375 81.6749725341796875 85.72006988525390625 88.37419891357421875 90.956451416015625 97.5238037109375 104.0229949951171875 112.4233245849609375 119.12224578857421875 121.725341796875 123.26629638671875 128.4925079345703125 133.03125 138.3603363037109375 138.20477294921875 132.1068572998046875 117.497589111328125 127.5338134765625 134.6117706298828125 135.8548126220703125 132.8223876953125 129.5739593505859375 122.94173431396484375 117.34474945068359375 114.195220947265625 113.3044281005859375 108.506683349609375 102.13446044921875 97.0680694580078125 92.634552001953125 92.5719146728515625 90.1389923095703125 85.1346893310546875 80.3361968994140625 78.19655609130859375 74.29449462890625 69.10518646240234375 66.59821319580078125 64.0218963623046875 61.83536529541015625
