inst/extdata/vignette-results/all_comb/rep_1/categorical.continuous/categorical.continuous.asc
ncols        50
nrows        50
xllcorner    0.000000000000
yllcorner    0.000000000000
cellsize     0.500000000000
NODATA_value nan
[rows 18 to 35 of 50, columns 0 to 39 of 50]
15.968503952026367188 9.7427215576171875 16.229295730590820313 17.89569854736328125 9.7302179336547851563 8.17783355712890625 6.9910020828247070313 16.738615036010742188 17.635723114013671875 17.695281982421875 9.2743883132934570313 5.8716025352478027344 8.731479644775390625 8.12174224853515625 8.03704071044921875 10.05469512939453125 7.7869777679443359375 6.4967303276062011719 6.601043701171875 4.8909478187561035156 6.8359251022338867188 6.1670312881469726563 4.9492716789245605469 6.9089450836181640625 8.493961334228515625 9.4578037261962890625 17.829742431640625 7.972995758056640625 10.072957992553710938 8.4383306503295898438 16.658304214477539063 8.57567596435546875 8.0694684982299804688 7.3699960708618164063 7.5275239944458007813 9.6231050491333007813 7.05344390869140625 7.4193863868713378906 8.044506072998046875 8.9808807373046875
8.9409923553466796875 17.518566131591796875 9.8843450546264648438 18.598201751708984375 8.80908966064453125 8.6972513198852539063 8.1646184921264648438 14.696804046630859375 8.1502103805541992188 8.6018085479736328125 7.6820707321166992188 5.2944011688232421875 7.7535433769226074219 9.945957183837890625 7.2507190704345703125 9.6099729537963867188 8.8611021041870117188 6.7753305435180664063 7.3782534599304199219 3.1651368141174316406 5.0314450263977050781 6.7755126953125 4.7070660591125488281 7.6226439476013183594 8.70526123046875 11.060599327087402344 10.027967453002929688 9.5178356170654296875 9.0869770050048828125 9.2340259552001953125 15.696588516235351563 6.558109283447265625 7.2543802261352539063 8.2256479263305664063 12.411704063415527344 10.423368453979492188 6.5727210044860839844 7.1697864532470703125 8.2136888504028320313 8.7942676544189453125
7.9544329643249511719 9.0813140869140625 15.161406517028808594 17.230962753295898438 16.165582656860351563 9.5021724700927734375 7.9088387489318847656 6.6850934028625488281 8.6174669265747070313 7.0345492362976074219 8.1293573379516601563 3.0473055839538574219 7.4941697120666503906 16.711194992065429688 16.138143539428710938 8.9333353042602539063 7.1656470298767089844 8.3875436782836914063 7.7214207649230957031 6.8022623062133789063 7.3645954132080078125 4.3934497833251953125 5.0373134613037109375 8.6780529022216796875 9.5197238922119140625 9.241931915283203125 7.9190983772277832031 7.5056710243225097656 6.0547161102294921875 6.4425339698791503906 8.4930887222290039063 9.1519908905029296875 7.6997036933898925781 9.8428506851196289063 12.108663558959960938 10.540011405944824219 7.528350830078125 9.3587789535522460938 7.9801774024963378906 9.2075595855712890625
16.817035675048828125 16.390459060668945313 16.306016921997070313 7.4023861885070800781 15.185832023620605469 6.3068513870239257813 6.35369110107421875 16.613782882690429688 7.8846020698547363281 7.3880472183227539063 7.8556232452392578125 7.89440155029296875 8.8395071029663085938 14.198009490966796875 15.158901214599609375 18.165645599365234375 8.2899923324584960938 9.2086763381958007813 8.6572370529174804688 6.2434248924255371094 8.3622608184814453125 14.309251785278320313 6.8304533958435058594 7.8386721611022949219 16.143301010131835938 11.297513961791992188 9.8908681869506835938 8.28870391845703125 5.8588972091674804688 11.424986839294433594 9.5412006378173828125 16.116933822631835938 7.9797883033752441406 7.4707746505737304688 8.8104419708251953125 8.3601665496826171875 10.621671676635742188 11.16207122802734375 12.061246871948242188 10.824078559875488281
16.978612899780273438 17.545740127563476563 19.077367782592773438 9.2391004562377929688 16.329851150512695313 7.6971921920776367188 7.1605086326599121094 8.7908258438110351563 16.76085662841796875 7.5566587448120117188 5.9423899650573730469 5.2630734443664550781 8.6256580352783203125 6.5842723846435546875 15.785520553588867188 16.126674652099609375 14.776511192321777344 7.35300445556640625 9.2906198501586914063 8.2883691787719726563 8.9275531768798828125 8.8434877395629882813 6.3292403221130371094 8.5180501937866210938 10.427991867065429688 9.7379150390625 10.181941986083984375 9.4353475570678710938 8.6441850662231445313 8.1896829605102539063 7.2664747238159179688 13.651335716247558594 14.744544029235839844 7.4450588226318359375 4.2291612625122070313 13.267168045043945313 9.7269620895385742188 9.2579202651977539063 10.127150535583496094 10.106615066528320313
15.246806144714355469 15.987262725830078125 9.5278186798095703125 8.0698194503784179688 15.7315216064453125 15.224162101745605469 15.434342384338378906 11.917502403259277344 8.14288330078125 15.286157608032226563 6.2917089462280273438 6.6523342132568359375 7.9125089645385742188 8.7701396942138671875 7.9141306877136230469 9.2405080795288085938 8.6010684967041015625 7.8249187469482421875 9.0554609298706054688 9.6344423294067382813 16.911050796508789063 10.134561538696289063 4.7221193313598632813 7.6893372535705566406 11.027138710021972656 11.056767463684082031 9.9707612991333007813 10.202647209167480469 8.51923370361328125 7.0953454971313476563 4.0745224952697753906 6.9727458953857421875 14.134102821350097656 6.2400774955749511719 3.5816507339477539063 5.9526643753051757813 15.505283355712890625 13.529054641723632813 6.3226566314697265625 8.7954969406127929688
13.701166152954101563 15.142024993896484375 8.1189861297607421875 9.6364803314208984375 15.753225326538085938 13.6470947265625 9.7349672317504882813 10.246130943298339844 9.6773996353149414063 15.279573440551757813 6.3008475303649902344 8.1299724578857421875 7.1864838600158691406 8.1330728530883789063 6.7420930862426757813 7.3306546211242675781 11.050658226013183594 10.823751449584960938 10.770241737365722656 9.8480787277221679688 10.399095535278320313 7.3023629188537597656 12.389066696166992188 14.452305793762207031 15.428606033325195313 17.30879974365234375 10.770256996154785156 6.5677790641784667969 7.0412287712097167969 7.1590285301208496094 7.3406934738159179688 5.8906493186950683594 14.0420989990234375 5.0075373649597167969 13.604065895080566406 5.4607038497924804688 8.2902593612670898438 5.5434808731079101563 13.901030540466308594 8.9264345169067382813
12.904955863952636719 12.48896026611328125 6.3785638809204101563 7.7850093841552734375 7.9868273735046386719 16.871652603149414063 15.145743370056152344 17.352792739868164063 17.6587371826171875 9.2186994552612304688 6.7585473060607910156 7.5479249954223632813 7.1958141326904296875 15.286557197570800781 6.7752089500427246094 8.4908571243286132813 9.882495880126953125 10.165705680847167969 9.3993062973022460938 7.4908547401428222656 9.576568603515625 11.187145233154296875 8.2676849365234375 7.4103493690490722656 15.208810806274414063 17.062250137329101563 9.1456775665283203125 7.6130824089050292969 8.52264404296875 5.718441009521484375 5.1568512916564941406 11.964682579040527344 10.581233024597167969 12.889556884765625 4.0600152015686035156 4.8950023651123046875 7.1294636726379394531 7.2563319206237792969 13.623244285583496094 12.876079559326171875
14.016988754272460938 13.526499748229980469 6.908435821533203125 6.6495537757873535156 7.6304178237915039063 15.669605255126953125 15.510000228881835938 15.309834480285644531 16.949247360229492188 8.2124776840209960938 8.2226104736328125 7.5130848884582519531 8.2474813461303710938 15.100311279296875 7.738689422607421875 10.009026527404785156 17.926532745361328125 10.970807075500488281 9.1635990142822265625 6.2286677360534667969 5.8091192245483398438 17.914203643798828125 17.078519821166992188 14.402660369873046875 15.832633018493652344 15.882195472717285156 9.5750904083251953125 8.9476861953735351563 8.7293004989624023438 17.014043807983398438 13.748377799987792969 5.0246024131774902344 12.58643341064453125 8.5330104827880859375 10.65840911865234375 5.8276410102844238281 4.4093561172485351563 7.99462127685546875 6.5186557769775390625 11.352046012878417969
11.958350181579589844 10.867669105529785156 13.969362258911132813 7.3203907012939453125 15.430487632751464844 14.857090950012207031 15.396237373352050781 16.135578155517578125 16.44966888427734375 16.481313705444335938 6.798610687255859375 9.0181112289428710938 8.0268220901489257813 6.9254126548767089844 9.617153167724609375 7.7010822296142578125 8.5599613189697265625 17.284326553344726563 15.649126052856445313 5.0597505569458007813 16.610975265502929688 16.84136962890625 16.315473556518554688 15.2357177734375 13.8964691162109375 14.333368301391601563 7.0346741676330566406 6.2189307212829589844 9.81159210205078125 16.589969635009765625 7.4711179733276367188 16.441877365112304688 12.754549026489257813 13.024723052978515625 13.723703384399414063 4.8399748802185058594 5.254947662353515625 5.6355624198913574219 4.8761854171752929688 12.347890853881835938
7.9405303001403808594 7.4514551162719726563 13.470864295959472656 15.224008560180664063 14.406671524047851563 18.445400238037109375 16.976057052612304688 17.202301025390625 17.540826797485351563 7.6292920112609863281 17.139293670654296875 10.293987274169921875 9.9098787307739257813 6.9351167678833007813 9.0445423126220703125 7.3819680213928222656 9.2537364959716796875 9.1228303909301757813 15.13117218017578125 7.8495969772338867188 7.9660525321960449219 16.886636734008789063 16.793584823608398438 15.395405769348144531 11.023213386535644531 16.169696807861328125 8.4604768753051757813 15.370941162109375 9.3516340255737304688 10.790601730346679688 7.4389128684997558594 7.4740710258483886719 13.080684661865234375 16.297765731811523438 15.361689567565917969 8.1684827804565429688 8.081417083740234375 8.4173631668090820313 5.6709442138671875 5.1552834510803222656
7.0321621894836425781 16.60225677490234375 13.568815231323242188 14.882426261901855469 15.652817726135253906 16.393995285034179688 16.438411712646484375 14.480862617492675781 7.5167355537414550781 10.964142799377441406 10.290862083435058594 9.8531694412231445313 9.8458185195922851563 7.6399602890014648438 15.854851722717285156 12.749163627624511719 8.2295179367065429688 10.341182708740234375 9.4784069061279296875 9.4522953033447265625 16.184629440307617188 7.3517704010009765625 16.133573532104492188 16.313135147094726563 14.98406982421875 15.7530670166015625 16.581233978271484375 17.508222579956054688 17.212335586547851563 11.044476509094238281 9.2435865402221679688 17.37624359130859375 16.4461669921875 9.3694543838500976563 9.6927824020385742188 7.6910357475280761719 16.146657943725585938 9.7728109359741210938 14.8126220703125 13.404582977294921875
8.5070886611938476563 17.735326766967773438 14.416662216186523438 14.15013885498046875 17.71741485595703125 16.3609619140625 16.327310562133789063 15.49173736572265625 8.9779949188232421875 8.4758701324462890625 8.9922342300415039063 8.5357580184936523438 8.6329336166381835938 7.8324389457702636719 7.1162323951721191406 14.172167778015136719 16.263851165771484375 8.7859392166137695313 10.451391220092773438 9.6325883865356445313 9.530460357666015625 6.1827373504638671875 16.244081497192382813 16.426713943481445313 17.793077468872070313 16.0356292724609375 16.121707916259765625 14.641284942626953125 16.235340118408203125 17.446882247924804688 9.7999172210693359375 10.987722396850585938 10.937760353088378906 9.7198896408081054688 8.9045391082763671875 16.283433914184570313 9.6516809463500976563 15.421186447143554688 14.453439712524414063 6.5412778854370117188
6.9105792045593261719 14.368886947631835938 13.413171768188476563 13.056252479553222656 16.013326644897460938 17.275060653686523438 13.64642333984375 13.788684844970703125 14.473250389099121094 8.0497579574584960938 15.729670524597167969 8.8872385025024414063 9.7602024078369140625 7.2171931266784667969 13.496454238891601563 11.346553802490234375 16.178432464599609375 10.237950325012207031 11.026497840881347656 16.328474044799804688 7.3229775428771972656 15.877195358276367188 16.846975326538085938 15.188805580139160156 17.28540802001953125 16.193719863891601563 7.9879832267761230469 5.9900994300842285156 9.6132993698120117188 17.222749710083007813 11.159340858459472656 12.519164085388183594 18.627199172973632813 19.476222991943359375 16.560125350952148438 14.477436065673828125 16.1775360107421875 16.934572219848632813 14.321887016296386719 8.6234102249145507813
6.9775495529174804688 16.049121856689453125 15.941178321838378906 13.551252365112304688 16.25592803955078125 15.446990966796875 14.8728179931640625 12.053134918212890625 14.626096725463867188 15.917689323425292969 16.190582275390625 6.5873594284057617188 9.6606206893920898438 16.25138092041015625 15.730273246765136719 14.735157012939453125 9.0397014617919921875 9.148715972900390625 10.235792160034179688 8.501312255859375 9.1582937240600585938 16.435609817504882813 15.138939857482910156 15.29947662353515625 17.072107315063476563 17.048482894897460938 7.3285079002380371094 6.6118307113647460938 7.8389043807983398438 9.3817834854125976563 7.8902530670166015625 10.29116058349609375 18.963506698608398438 16.71598052978515625 17.086416244506835938 9.6762371063232421875 8.3326559066772460938 8.5614643096923828125 14.877223014831542969 7.9764862060546875
7.2918095588684082031 15.271027565002441406 15.548162460327148438 12.363954544067382813 13.52866363525390625 13.922246932983398438 14.840869903564453125 13.297497749328613281 14.6753997802734375 13.569758415222167969 14.719417572021484375 7.3172287940979003906 15.183018684387207031 16.30452728271484375 16.097463607788085938 7.4065146446228027344 9.1379489898681640625 9.347301483154296875 9.3173370361328125 8.5297212600708007813 7.6623601913452148438 13.57354736328125 8.185276031494140625 16.146856307983398438 16.924810409545898438 6.3676176071166992188 7.4814381599426269531 9.0871057510375976563 7.9541850090026855469 8.0260171890258789063 6.3837890625 17.716516494750976563 17.437479019165039063 16.764026641845703125 8.9282588958740234375 6.9911332130432128906 17.338985443115234375 8.7888393402099609375 16.226617813110351563 7.0202803611755371094
9.341106414794921875 9.4204120635986328125 6.4890232086181640625 13.0388946533203125 14.975382804870605469 14.693353652954101563 13.444598197937011719 14.821397781372070313 14.8626251220703125 14.56186676025390625 14.549224853515625 13.92322540283203125 6.9332304000854492188 15.434935569763183594 16.8238067626953125 7.9809231758117675781 8.4062747955322265625 8.5285024642944335938 7.5455527305603027344 7.4205670356750488281 8.4630889892578125 6.6473636627197265625 14.088930130004882813 8.3510541915893554688 15.273532867431640625 4.4848380088806152344 7.8476667404174804688 8.4212274551391601563 7.8167219161987304688 15.257395744323730469 7.5921826362609863281 8.3049077987670898438 15.885524749755859375 14.18772125244140625 14.468974113464355469 14.076364517211914063 16.277873992919921875 17.724843978881835938 16.14228057861328125 15.228572845458984375
6.8526096343994140625 8.01129913330078125 9.52484130859375 13.889977455139160156 13.702385902404785156 15.311075210571289063 16.62909698486328125 15.157209396362304688 13.250611305236816406 12.58208465576171875 6.3577456474304199219 5.5227103233337402344 5.5621943473815917969 8.79952239990234375 16.788799285888671875 8.8182525634765625 7.0976762771606445313 8.6513395309448242188 6.5502476692199707031 8.0796966552734375 8.19476318359375 8.9105682373046875 7.1497888565063476563 5.8407883644104003906 15.023125648498535156 4.9120383262634277344 5.4124441146850585938 8.9730777740478515625 17.424421310424804688 7.9248590469360351563 17.1141357421875 16.174652099609375 14.777495384216308594 14.630506515502929688 15.068769454956054688 16.710256576538085938 14.532888412475585938 14.814778327941894531 16.100435256958007813 16.393182754516601563
