inst/extdata/vignette-results/all_comb/rep_1/categorical.continuous/categorical.continuous.asc
ncols        50
nrows        50
xllcorner    0.000000000000
yllcorner    0.000000000000
cellsize     0.500000000000
NODATA_value nan
[rows 0 to 18 of 50, columns 0 to 42 of 50]
351.541412353515625 204.5847320556640625 204.633941650390625 203.6927490234375 583.56768798828125 204.331451416015625 204.660797119140625 204.662261962890625 583.8519287109375 583.87872314453125 204.6383056640625 204.6213531494140625 583.87127685546875 204.6595001220703125 204.653045654296875 204.6631011962890625 204.6537933349609375 204.645904541015625 204.6436004638671875 582.531005859375 583.8421630859375 583.6871337890625 583.26348876953125 579.590576171875 583.8572998046875 583.870849609375 583.78253173828125 348.70233154296875 351.490509033203125 350.1953125 351.191009521484375 351.51629638671875 583.84161376953125 583.33856201171875 583.400634765625 350.92083740234375 583.5616455078125 583.7296142578125 583.75360107421875 351.432769775390625 583.87628173828125 583.84307861328125 583.88348388671875
203.75628662109375 204.3910064697265625 204.432891845703125 582.9324951171875 583.5811767578125 204.3647003173828125 583.8587646484375 583.88409423828125 583.879638671875 583.8853759765625 583.8818359375 204.661407470703125 583.8265380859375 201.9506683349609375 204.6055908203125 583.8616943359375 204.642364501953125 203.548828125 204.517578125 204.657562255859375 204.65643310546875 583.85723876953125 583.52972412109375 583.766357421875 583.6727294921875 583.7911376953125 567.52203369140625 349.048187255859375 349.158233642578125 582.18963623046875 580.77056884765625 348.94580078125 351.046600341796875 349.49859619140625 341.96630859375 578.5262451171875 582.60137939453125 583.71783447265625 583.848388671875 583.80657958984375 583.86688232421875 351.54833984375 583.88238525390625
203.4543914794921875 204.269073486328125 204.521728515625 583.78179931640625 202.9485321044921875 583.8607177734375 351.54742431640625 351.5455322265625 583.88519287109375 583.8857421875 583.86444091796875 204.613037109375 583.7371826171875 204.04901123046875 583.8785400390625 204.3412017822265625 581.59588623046875 583.757568359375 204.65234375 204.653778076171875 204.6403961181640625 583.86407470703125 204.6518402099609375 583.7401123046875 583.87445068359375 583.79522705078125 583.78765869140625 583.66900634765625 583.810302734375 583.70556640625 349.436920166015625 349.52752685546875 348.74810791015625 579.73736572265625 203.4185943603515625 582.60589599609375 203.31768798828125 204.53302001953125 583.885498046875 583.8831787109375 204.4122161865234375 583.72930908203125 351.543853759765625
202.6360931396484375 204.4969940185546875 204.6464996337890625 204.645782470703125 583.77197265625 583.75579833984375 351.52337646484375 583.87890625 583.79510498046875 583.8829345703125 583.884033203125 583.85418701171875 351.498992919921875 204.5311279296875 204.609893798828125 204.30517578125 204.5989990234375 204.6371917724609375 583.8848876953125 583.84637451171875 583.6441650390625 203.9959869384765625 204.36602783203125 204.5937957763671875 204.64251708984375 583.83074951171875 350.956298828125 581.9007568359375 582.49737548828125 581.9522705078125 581.26666259765625 342.523773193359375 338.923065185546875 505.283660888671875 190.67279052734375 204.2587127685546875 204.592254638671875 204.56060791015625 583.8482666015625 583.88311767578125 583.834716796875 583.78271484375 350.575592041015625
204.4543304443359375 583.87615966796875 204.6478271484375 204.6598968505859375 204.6511688232421875 583.82122802734375 351.4881591796875 583.88262939453125 583.8721923828125 351.525054931640625 351.517608642578125 583.8841552734375 583.868896484375 204.6534271240234375 583.84698486328125 583.86944580078125 583.8541259765625 583.87579345703125 204.6478118896484375 204.634796142578125 583.85968017578125 572.2454833984375 204.36444091796875 204.637359619140625 583.8798828125 351.53289794921875 351.16046142578125 583.65985107421875 583.6925048828125 583.71844482421875 350.94482421875 574.588134765625 298.597259521484375 576.46160888671875 199.6312408447265625 195.07232666015625 583.875244140625 351.544891357421875 351.5430908203125 583.63909912109375 583.51513671875 348.9228515625 346.824371337890625
204.6453704833984375 204.6603546142578125 583.88043212890625 204.6599884033203125 583.8441162109375 583.87841796875 351.49310302734375 583.8369140625 204.6144866943359375 583.87994384765625 583.83172607421875 204.608795166015625 583.76605224609375 204.6565093994140625 204.654571533203125 583.85516357421875 583.88385009765625 583.88531494140625 583.87579345703125 583.86865234375 583.0565185546875 350.1695556640625 583.8720703125 204.6515350341796875 583.7989501953125 583.86859130859375 583.8209228515625 583.3135986328125 579.8544921875 583.79046630859375 204.4123077392578125 583.470458984375 346.8077392578125 203.7736968994140625 550.26690673828125 204.2586669921875 204.1571807861328125 583.82568359375 583.78619384765625 201.498260498046875 348.290985107421875 350.8521728515625 582.85943603515625
583.6968994140625 583.8251953125 351.514617919921875 583.8369140625 583.81903076171875 583.7698974609375 583.8853759765625 583.882568359375 204.662841796875 583.86627197265625 204.656158447265625 204.6605682373046875 583.83648681640625 204.66204833984375 204.66058349609375 204.6566619873046875 583.87921142578125 583.88360595703125 583.8818359375 351.535919189453125 204.614959716796875 583.86700439453125 351.544219970703125 583.88330078125 583.84039306640625 583.8701171875 204.6378173828125 204.2475738525390625 570.93133544921875 201.17230224609375 204.2756500244140625 204.3254241943359375 583.65240478515625 583.3306884765625 1 582.90106201171875 204.616058349609375 202.80645751953125 191.591094970703125 204.1740875244140625 583.6971435546875 350.88134765625 347.08880615234375
581.72491455078125 583.88409423828125 583.85748291015625 582.921630859375 583.82855224609375 583.87030029296875 583.88262939453125 204.6551055908203125 583.884033203125 583.88330078125 204.6500244140625 583.8818359375 583.884033203125 204.6498565673828125 204.6616058349609375 583.88336181640625 204.66058349609375 351.4825439453125 351.546844482421875 351.504425048828125 583.8348388671875 583.87213134765625 351.542144775390625 583.8404541015625 351.541259765625 351.4959716796875 204.59332275390625 204.65081787109375 350.63427734375 583.7691650390625 204.626922607421875 204.450531005859375 583.74945068359375 200.524688720703125 204.50634765625 204.5988311767578125 204.5321502685546875 203.462371826171875 203.034393310546875 583.846435546875 583.5074462890625 580.5501708984375 583.361083984375
204.6376953125 583.77484130859375 351.47344970703125 350.613311767578125 583.8724365234375 204.663116455078125 583.8853759765625 583.87945556640625 583.88372802734375 583.88568115234375 583.85723876953125 583.8858642578125 204.66387939453125 204.6488037109375 204.5913848876953125 583.8365478515625 351.54168701171875 351.52911376953125 351.517730712890625 583.82611083984375 583.80853271484375 204.6340179443359375 351.52984619140625 583.8009033203125 583.75433349609375 351.312042236328125 583.86468505859375 583.75506591796875 350.696533203125 351.526458740234375 583.8590087890625 583.86065673828125 583.4715576171875 580.287353515625 582.6651611328125 204.6149444580078125 583.87005615234375 203.923858642578125 204.13818359375 583.42022705078125 351.3162841796875 583.82733154296875 583.36456298828125
204.2620086669921875 583.46136474609375 350.728790283203125 351.421051025390625 583.8681640625 204.6618194580078125 583.8731689453125 583.85308837890625 583.86279296875 583.8843994140625 583.8817138671875 204.6537933349609375 204.5198974609375 204.6295318603515625 204.377593994140625 583.6837158203125 351.1590576171875 351.4771728515625 351.12109375 350.4532470703125 583.87750244140625 204.632568359375 351.52935791015625 583.75274658203125 582.995849609375 351.51446533203125 351.513702392578125 583.88360595703125 351.531158447265625 583.8531494140625 583.8768310546875 583.88372802734375 583.88214111328125 351.542266845703125 583.838134765625 351.384796142578125 583.25360107421875 583.84930419921875 583.4249267578125 204.4739837646484375 583.62457275390625 583.87200927734375 583.87908935546875
583.1387939453125 519.60565185546875 575.75531005859375 351.438629150390625 351.546295166015625 204.628448486328125 583.885009765625 204.6612396240234375 583.8583984375 583.88165283203125 583.82470703125 204.6255950927734375 203.9858551025390625 204.5266876220703125 204.63909912109375 583.76507568359375 351.517242431640625 583.80908203125 583.86029052734375 351.195220947265625 583.880859375 204.639495849609375 204.407073974609375 583.83428955078125 583.720947265625 351.545257568359375 351.544769287109375 583.8753662109375 583.86871337890625 204.44366455078125 204.66204833984375 583.8792724609375 351.524688720703125 583.86541748046875 583.88470458984375 351.399261474609375 351.542236328125 583.88092041015625 583.8671875 204.660247802734375 581.61151123046875 583.8682861328125 583.881591796875
202.7055511474609375 571.12200927734375 582.87457275390625 583.8682861328125 583.82940673828125 583.84869384765625 204.6628265380859375 204.661376953125 583.8648681640625 583.482666015625 204.5628509521484375 202.089599609375 169.1099700927734375 204.373504638671875 583.62847900390625 583.8367919921875 351.243133544921875 583.84039306640625 204.618194580078125 583.8677978515625 583.81597900390625 583.8824462890625 204.623443603515625 204.1827850341796875 201.397979736328125 583.44873046875 347.3895263671875 351.53326416015625 583.87567138671875 583.8433837890625 204.66302490234375 583.88555908203125 351.546661376953125 351.53839111328125 351.5355224609375 583.86663818359375 351.3338623046875 583.8848876953125 583.87054443359375 583.5340576171875 583.751953125 351.544525146484375 583.85565185546875
583.8419189453125 583.23211669921875 583.714599609375 583.84991455078125 583.473876953125 351.5311279296875 583.88531494140625 204.663787841796875 204.6365509033203125 204.0494537353515625 203.6463165283203125 165.4986724853515625 203.24542236328125 204.1119384765625 204.6002044677734375 583.74322509765625 583.59771728515625 583.85040283203125 204.620269775390625 204.552490234375 204.6483001708984375 351.425048828125 583.53564453125 347.064056396484375 583.074951171875 583.7774658203125 189.9872894287109375 583.8621826171875 351.548065185546875 583.8824462890625 583.8846435546875 583.88555908203125 583.88507080078125 351.54058837890625 351.46435546875 583.8563232421875 351.53125 583.79266357421875 204.6596527099609375 204.5698394775390625 204.655242919921875 583.8836669921875 351.533905029296875
583.87469482421875 583.56121826171875 583.05303955078125 583.8529052734375 583.8677978515625 204.6538238525390625 204.6626129150390625 204.6634063720703125 204.658905029296875 204.4348907470703125 201.036590576171875 200.601470947265625 196.940887451171875 201.32257080078125 204.432403564453125 203.4161834716796875 583.715576171875 204.6541748046875 583.7574462890625 583.8748779296875 200.32855224609375 351.43804931640625 351.537261962890625 583.46856689453125 583.82421875 583.44305419921875 583.84710693359375 583.87701416015625 583.88470458984375 351.540435791015625 583.884521484375 583.883544921875 351.396759033203125 583.84576416015625 583.78369140625 583.8551025390625 351.519134521484375 351.430084228515625 583.80877685546875 204.549652099609375 204.612091064453125 583.80352783203125 583.7811279296875
583.5611572265625 583.2681884765625 583.1312255859375 583.04290771484375 583.65142822265625 351.40972900390625 204.6447906494140625 204.5745849609375 204.451324462890625 204.3338470458984375 204.405609130859375 198.995635986328125 556.2659912109375 203.9826507568359375 351.482696533203125 583.70428466796875 202.9884033203125 204.497100830078125 204.6136932373046875 583.58477783203125 583.271484375 118.3895111083984375 583.85284423828125 351.540496826171875 351.542449951171875 204.3494873046875 583.8780517578125 204.5433502197265625 583.88409423828125 583.59100341796875 583.77484130859375 348.57904052734375 580.6497802734375 340.078338623046875 583.31573486328125 583.49847412109375 583.87152099609375 350.545196533203125 574.91790771484375 204.6210174560546875 204.5516357421875 202.551055908203125 583.68682861328125
583.7415771484375 583.7757568359375 351.155609130859375 582.87078857421875 351.349761962890625 351.474884033203125 583.88519287109375 204.5388031005859375 204.247100830078125 204.1931304931640625 204.030853271484375 566.1761474609375 582.11383056640625 583.7515869140625 583.88153076171875 204.6498260498046875 204.345703125 204.02581787109375 204.35797119140625 583.876708984375 204.649749755859375 583.8682861328125 583.87066650390625 583.76776123046875 583.88543701171875 351.502655029296875 351.54150390625 583.61590576171875 583.8543701171875 351.54302978515625 351.048126220703125 348.829559326171875 583.5758056640625 583.283447265625 349.775604248046875 583.5521240234375 583.75103759765625 351.22052001953125 583.86248779296875 204.583770751953125 204.049713134765625 202.8381805419921875 579.7459716796875
583.53094482421875 351.32537841796875 351.5086669921875 345.815643310546875 583.7490234375 583.88232421875 204.6623382568359375 204.528350830078125 204.11834716796875 582.02587890625 582.50738525390625 582.460693359375 582.95477294921875 583.66009521484375 350.708251953125 351.45599365234375 583.4161376953125 203.3062591552734375 204.604705810546875 204.634307861328125 204.657318115234375 204.5509185791015625 204.5524139404296875 204.6527252197265625 204.6370697021484375 204.6528472900390625 583.84991455078125 583.832275390625 583.81341552734375 351.291748046875 351.370086669921875 583.756103515625 351.345947265625 583.73858642578125 583.85302734375 583.85211181640625 351.54083251953125 204.650970458984375 204.6519775390625 204.62835693359375 204.3383941650390625 204.4032745361328125 204.6344146728515625
583.82574462890625 351.182830810546875 351.488128662109375 583.7423095703125 583.865478515625 583.8824462890625 204.63134765625 583.87347412109375 351.511871337890625 583.42767333984375 582.82281494140625 351.541839599609375 351.333740234375 204.6130218505859375 351.47613525390625 583.68707275390625 203.89471435546875 203.378692626953125 204.6316680908203125 204.6222076416015625 583.7711181640625 204.4765472412109375 204.6142730712890625 204.6039276123046875 204.6120147705078125 583.48883056640625 583.76116943359375 583.8216552734375 583.55224609375 204.6594390869140625 351.481536865234375 350.83502197265625 583.86773681640625 583.81036376953125 350.478790283203125 583.72900390625 351.5279541015625 583.8760986328125 204.6575775146484375 204.6410064697265625 583.5 204.5251922607421875 583.7640380859375
351.495513916015625 583.436279296875 351.46990966796875 350.410675048828125 583.44537353515625 583.846435546875 583.8787841796875 351.375701904296875 350.812591552734375 350.735870361328125 583.67401123046875 204.6587982177734375 583.794921875 204.5236968994140625 583.85382080078125 583.1343994140625 204.58026123046875 204.6514739990234375 204.6494598388671875 204.6626434326171875 204.64361572265625 204.6561431884765625 204.66253662109375 204.6413421630859375 204.4118194580078125 583.60211181640625 350.530487060546875 583.85675048828125 201.0978240966796875 583.82763671875 351.3961181640625 583.81414794921875 583.852294921875 204.6193389892578125 204.6074676513671875 583.51568603515625 204.636016845703125 583.872802734375 583.853515625 583.752197265625 203.8893280029296875 204.6555938720703125 583.87347412109375
