inst/extdata/vignette-results/all_comb/rep_1/categorical.continuous/categorical.continuous.asc
ncols        50
nrows        50
xllcorner    0.000000000000
yllcorner    0.000000000000
cellsize     0.500000000000
NODATA_value nan
[rows 19 to 37 of 50, columns 0 to 42 of 50]
583.76019287109375 350.94232177734375 583.3189697265625 347.708343505859375 204.2452850341796875 583.799560546875 583.84716796875 351.5401611328125 583.8480224609375 583.81121826171875 583.8668212890625 204.661651611328125 204.58441162109375 583.25836181640625 583.8756103515625 583.5234375 583.77484130859375 204.64532470703125 204.6187896728515625 204.663909912109375 204.662353515625 204.64532470703125 204.6629486083984375 204.5987548828125 204.3101043701171875 579.643798828125 583.16705322265625 583.573486328125 583.72808837890625 583.68707275390625 351.51318359375 204.65032958984375 204.6263885498046875 204.49896240234375 530.73748779296875 582.48797607421875 583.8819580078125 583.876708984375 204.5020294189453125 204.2552490234375 201.3945770263671875 198.637176513671875 204.63568115234375
583.85748291015625 583.7294921875 351.532318115234375 351.169647216796875 351.477142333984375 583.58123779296875 583.859375 583.88128662109375 583.8094482421875 204.63677978515625 204.5220184326171875 204.6639251708984375 583.871337890625 351.382965087890625 351.480072021484375 583.76171875 583.87677001953125 204.4510345458984375 204.5882110595703125 204.64459228515625 204.6197052001953125 204.6633148193359375 583.885498046875 583.80206298828125 583.572509765625 583.6845703125 204.56146240234375 204.6092987060546875 204.65728759765625 204.65240478515625 583.82257080078125 583.711181640625 583.8663330078125 583.3563232421875 554.40594482421875 582.17913818359375 583.87060546875 583.64361572265625 204.5513458251953125 583.6951904296875 203.623809814453125 203.677459716796875 204.6520538330078125
351.352996826171875 351.447906494140625 351.460113525390625 583.8731689453125 351.53173828125 583.8831787109375 204.653778076171875 351.406341552734375 583.86029052734375 204.6181182861328125 204.57098388671875 204.565277099609375 583.7784423828125 351.54437255859375 351.532379150390625 349.7451171875 583.8392333984375 583.69488525390625 583.8046875 204.655242919921875 583.83392333984375 351.543670654296875 583.8802490234375 583.8619384765625 351.479522705078125 577.3944091796875 583.31280517578125 204.481781005859375 204.6588897705078125 575.70025634765625 583.5615234375 351.48223876953125 583.8564453125 583.871826171875 583.783203125 583.83404541015625 581.92132568359375 578.80035400390625 556.96990966796875 581.09228515625 202.0269012451171875 204.6221466064453125 204.6575164794921875
351.2958984375 350.914520263671875 342.43267822265625 583.68548583984375 351.45684814453125 583.86639404296875 583.8768310546875 583.7862548828125 351.369537353515625 583.8699951171875 204.6582489013671875 204.6617431640625 583.8084716796875 583.88189697265625 351.5081787109375 351.481231689453125 351.539154052734375 583.8740234375 583.66845703125 583.83935546875 583.7628173828125 583.77783203125 204.65411376953125 583.82012939453125 582.47686767578125 202.6786651611328125 200.3365631103515625 583.6121826171875 583.8062744140625 583.845703125 204.6257171630859375 351.54656982421875 351.539581298828125 583.872314453125 204.6634674072265625 351.547393798828125 583.44769287109375 583.679443359375 583.03790283203125 583.0665283203125 581.7047119140625 204.0453948974609375 204.4855804443359375
351.53021240234375 351.493988037109375 583.56842041015625 583.85223388671875 351.51129150390625 351.530792236328125 351.52447509765625 563.41790771484375 583.848388671875 351.52911376953125 204.654632568359375 583.8814697265625 583.85919189453125 583.78936767578125 583.859130859375 583.68505859375 583.81134033203125 583.8624267578125 583.7357177734375 583.5087890625 351.321624755859375 583.02734375 583.88568115234375 583.86663818359375 579.888916015625 579.67266845703125 583.2320556640625 582.923583984375 583.82000732421875 583.87762451171875 204.66357421875 583.87896728515625 351.544708251953125 583.8834228515625 583.88592529296875 583.88421630859375 351.5218505859375 351.546875 583.88311767578125 583.7855224609375 583.70697021484375 581.0775146484375 204.557281494140625
351.54644775390625 351.53277587890625 583.8497314453125 583.507568359375 351.51007080078125 351.546600341796875 583.44195556640625 582.8505859375 583.48162841796875 351.529296875 583.8831787109375 583.84912109375 583.87652587890625 583.84893798828125 204.6461944580078125 204.62188720703125 579.71820068359375 581.0938720703125 581.34320068359375 202.2606048583984375 582.5445556640625 583.87481689453125 351.5482177734375 351.5426025390625 351.524658203125 351.118621826171875 581.3431396484375 583.8819580078125 204.6365203857421875 583.87689208984375 583.87420654296875 583.8843994140625 351.545166015625 583.885498046875 351.54669189453125 583.88507080078125 583.8392333984375 583.88494873046875 351.5457763671875 583.76300048828125 583.8177490234375 582.98931884765625 583.6298828125
351.5478515625 351.54815673828125 583.88287353515625 583.86376953125 583.85614013671875 351.335357666015625 351.532684326171875 351.086669921875 350.78387451171875 583.69183349609375 583.8807373046875 204.605712890625 583.87640380859375 351.52911376953125 583.880615234375 583.82281494140625 202.11199951171875 200.4599151611328125 203.5507354736328125 204.610504150390625 583.54248046875 578.56622314453125 583.84075927734375 583.87298583984375 351.53118896484375 351.259765625 583.712890625 204.5996856689453125 204.4000244140625 204.6597900390625 583.8853759765625 351.548370361328125 351.548583984375 351.5478515625 583.8858642578125 583.88555908203125 583.87725830078125 583.87554931640625 351.546661376953125 351.547882080078125 583.8717041015625 351.525177001953125 583.828125
351.5452880859375 351.546875 583.87957763671875 583.8814697265625 583.8681640625 351.514556884765625 351.52166748046875 351.5284423828125 351.30743408203125 583.8443603515625 583.84368896484375 583.8709716796875 583.84210205078125 351.53369140625 583.86517333984375 583.1893310546875 350.349700927734375 580.268798828125 583.70794677734375 204.655426025390625 204.6592254638671875 350.374481201171875 351.25213623046875 351.542999267578125 351.5052490234375 351.501953125 583.54327392578125 583.7589111328125 583.79522705078125 351.281219482421875 351.546295166015625 583.885498046875 351.548095703125 351.548614501953125 351.548583984375 583.884521484375 204.663299560546875 583.85577392578125 583.8822021484375 351.54852294921875 351.54852294921875 351.547882080078125 583.7620849609375
351.54840087890625 351.548553466796875 351.545501708984375 583.87457275390625 351.52459716796875 351.53802490234375 351.5257568359375 351.480316162109375 351.43829345703125 351.432769775390625 583.8804931640625 583.74420166015625 583.85430908203125 583.87939453125 583.51922607421875 583.86627197265625 204.3838043212890625 351.1353759765625 351.51556396484375 204.66229248046875 351.406982421875 351.3453369140625 351.458831787109375 351.530487060546875 351.5457763671875 351.543487548828125 204.63677978515625 204.655548095703125 583.38275146484375 351.411529541015625 583.871826171875 351.439605712890625 351.5479736328125 351.5477294921875 351.546356201171875 583.8856201171875 204.661773681640625 204.660247802734375 204.6626739501953125 351.548248291015625 583.88177490234375 583.772216796875 583.86932373046875
583.85809326171875 583.8721923828125 351.5469970703125 351.530792236328125 351.54296875 348.61578369140625 351.29693603515625 351.186798095703125 350.919647216796875 583.86822509765625 351.22174072265625 582.7635498046875 583.29461669921875 583.87933349609375 583.73822021484375 583.87353515625 583.6807861328125 583.718994140625 351.53302001953125 583.861572265625 583.85699462890625 351.330230712890625 351.360076904296875 351.525787353515625 351.548553466796875 351.476715087890625 583.82562255859375 351.526580810546875 583.6463623046875 581.25115966796875 583.8724365234375 583.87176513671875 351.547637939453125 351.46124267578125 351.526885986328125 583.84698486328125 583.8516845703125 583.82940673828125 583.884765625 583.8853759765625 351.520721435546875 351.534820556640625 583.851806640625
583.87835693359375 351.40887451171875 351.546783447265625 351.53765869140625 351.515380859375 351.447357177734375 351.440185546875 351.5423583984375 583.870849609375 580.31121826171875 582.76947021484375 583.3472900390625 583.35369873046875 204.597015380859375 351.503814697265625 351.5479736328125 583.84326171875 582.67022705078125 583.59259033203125 583.6046142578125 351.475067138671875 583.8740234375 351.48052978515625 351.45916748046875 351.53594970703125 351.51007080078125 351.41339111328125 350.95257568359375 351.180877685546875 579.7637939453125 583.68408203125 351.068634033203125 351.43890380859375 583.63946533203125 583.47137451171875 583.8665771484375 351.47918701171875 583.4136962890625 351.538665771484375 351.547149658203125 351.54559326171875 583.87957763671875 204.65826416015625
583.82122802734375 350.67962646484375 351.542877197265625 351.54461669921875 350.70526123046875 351.452362060546875 351.457183837890625 351.522369384765625 583.7528076171875 583.82421875 583.74981689453125 583.818359375 583.8076171875 583.8621826171875 583.87738037109375 351.544525146484375 351.46563720703125 583.7869873046875 582.41949462890625 583.50994873046875 583.56707763671875 583.88360595703125 351.468109130859375 351.442138671875 350.591339111328125 351.489898681640625 351.48175048828125 351.540802001953125 351.46917724609375 351.009765625 583.39227294921875 580.15887451171875 580.47406005859375 583.45269775390625 583.76708984375 351.463134765625 583.49810791015625 351.524932861328125 351.542572021484375 583.88214111328125 583.88568115234375 583.88262939453125 583.87384033203125
583.8795166015625 351.543243408203125 351.547119140625 351.54766845703125 351.4918212890625 351.14154052734375 351.546600341796875 351.546173095703125 351.54241943359375 583.85321044921875 351.511383056640625 583.770263671875 583.42327880859375 583.8760986328125 351.546966552734375 351.54852294921875 351.475738525390625 582.86474609375 579.8934326171875 351.45703125 583.87451171875 351.502288818359375 351.343536376953125 351.53167724609375 351.1346435546875 351.474029541015625 583.8560791015625 583.8841552734375 583.521484375 351.17462158203125 578.8251953125 518.16436767578125 347.50543212890625 332.388397216796875 351.417724609375 351.542388916015625 351.475860595703125 351.31298828125 351.5435791015625 583.80877685546875 204.656524658203125 583.88525390625 583.87982177734375
583.87890625 351.488677978515625 351.497650146484375 351.54681396484375 351.466644287109375 351.524017333984375 351.537811279296875 351.548370361328125 351.54095458984375 351.4993896484375 351.474395751953125 583.8818359375 583.49249267578125 351.467193603515625 351.5113525390625 351.539703369140625 583.7393798828125 583.71209716796875 582.86846923828125 583.82177734375 583.70947265625 351.440673828125 351.5328369140625 351.52874755859375 351.25518798828125 351.266082763671875 583.8743896484375 204.64923095703125 583.8619384765625 583.63458251953125 204.5659027099609375 582.76885986328125 344.145416259765625 351.3817138671875 351.248382568359375 583.48236083984375 583.836181640625 583.815673828125 351.5377197265625 583.8565673828125 351.546600341796875 583.88226318359375 351.539093017578125
583.875 351.529541015625 351.520111083984375 351.5482177734375 351.546875 351.545684814453125 351.53826904296875 351.547332763671875 351.5404052734375 351.546783447265625 351.539886474609375 583.87457275390625 351.53179931640625 351.4603271484375 351.484161376953125 583.873046875 583.71502685546875 583.64801025390625 583.6590576171875 583.8189697265625 583.86737060546875 351.546783447265625 583.84600830078125 351.479156494140625 351.316619873046875 583.8829345703125 204.6112518310546875 583.72808837890625 583.8575439453125 583.8543701171875 583.88287353515625 350.70654296875 351.018035888671875 351.36865234375 583.7626953125 583.8787841796875 351.096954345703125 583.78656005859375 351.47021484375 583.87847900390625 583.88250732421875 351.546875 351.544708251953125
203.65478515625 583.61859130859375 583.88238525390625 351.547698974609375 351.536102294921875 351.540191650390625 351.54705810546875 351.538543701171875 351.5379638671875 351.541595458984375 351.541717529296875 351.545684814453125 583.87933349609375 351.524444580078125 351.35089111328125 583.85638427734375 204.4446258544921875 583.819091796875 583.8702392578125 583.872802734375 583.82537841796875 204.648468017578125 351.544952392578125 583.83477783203125 351.52947998046875 583.8857421875 583.86163330078125 583.8291015625 204.57635498046875 351.5299072265625 583.869140625 583.83819580078125 351.501708984375 351.54443359375 351.542449951171875 351.545013427734375 351.463836669921875 350.694732666015625 351.479644775390625 351.530670166015625 351.50213623046875 583.87127685546875 351.541534423828125
204.6431121826171875 583.85504150390625 583.5699462890625 351.545806884765625 351.546417236328125 351.528411865234375 351.402923583984375 351.53240966796875 351.54742431640625 351.548095703125 583.88299560546875 583.885009765625 204.6605987548828125 583.784912109375 351.36151123046875 583.78192138671875 583.87762451171875 583.805419921875 583.882080078125 204.5325775146484375 583.84539794921875 583.7659912109375 583.87701416015625 583.88446044921875 351.535247802734375 583.88555908203125 583.8851318359375 583.7537841796875 351.029266357421875 583.85870361328125 351.234710693359375 351.476165771484375 351.539154052734375 351.540924072265625 351.534332275390625 351.383209228515625 351.5418701171875 351.53863525390625 351.483856201171875 351.447479248046875 204.6631927490234375 583.8670654296875 583.828857421875
204.6284942626953125 583.8763427734375 204.333526611328125 351.504486083984375 351.50628662109375 351.24005126953125 351.5125732421875 351.52294921875 351.5479736328125 583.8857421875 351.548065185546875 204.65478515625 204.662017822265625 583.86407470703125 583.858154296875 583.88525390625 583.8770751953125 583.8084716796875 351.412261962890625 579.3812255859375 204.488677978515625 351.319671630859375 583.8817138671875 351.542755126953125 351.54730224609375 351.4185791015625 583.88507080078125 351.518463134765625 583.48431396484375 583.72332763671875 581.9132080078125 351.4996337890625 583.8857421875 583.83685302734375 583.51495361328125 583.2099609375 583.86798095703125 351.544158935546875 583.85595703125 583.5404052734375 204.64544677734375 583.872802734375 583.21417236328125
583.8759765625 583.79345703125 204.51837158203125 204.609466552734375 583.76629638671875 582.533447265625 351.51123046875 583.69696044921875 583.85638427734375 204.6632843017578125 204.663787841796875 204.6353302001953125 204.6569061279296875 583.62091064453125 583.87384033203125 583.8846435546875 204.6610565185546875 583.77899169921875 583.7398681640625 204.2099151611328125 583.83624267578125 583.86627197265625 583.885498046875 583.8572998046875 583.78692626953125 583.827392578125 583.8397216796875 583.80938720703125 583.77325439453125 583.71563720703125 351.204681396484375 583.87530517578125 582.89593505859375 583.79412841796875 583.8453369140625 583.82696533203125 583.63934326171875 351.525054931640625 583.87921142578125 583.7847900390625 583.83416748046875 583.61468505859375 583.59136962890625
