inst/extdata/vignette-results/all_comb/rep_1/categorical.continuous/categorical.continuous.asc
ncols        50
nrows        50
xllcorner    0.000000000000
yllcorner    0.000000000000
cellsize     0.500000000000
NODATA_value nan
[rows 0 to 17 of 50, columns 0 to 39 of 50]
14.580606460571289063 7.7509889602661132813 7.1022505760192871094 9.3182964324951171875 9.5291910171508789063 8.6666746139526367188 5.519287109375 5.0744967460632324219 8.0764360427856445313 6.9976215362548828125 6.9951267242431640625 7.33898162841796875 7.4988760948181152344 5.7671437263488769531 6.4020371437072753906 4.5923228263854980469 6.3522672653198242188 6.7535486221313476563 6.8367023468017578125 10.404992103576660156 8.2463083267211914063 9.2338199615478515625 9.9409618377685546875 11.067597389221191406 7.9588723182678222656 7.5161280632019042969 8.8146820068359375 18.428325653076171875 16.02870941162109375 17.997869491577148438 17.19507598876953125 15.633815765380859375 8.2552843093872070313 9.8629474639892578125 9.7894506454467773438 17.5396728515625 9.5408658981323242188 9.0807752609252929688 8.9741182327270507813 16.481311798095703125
9.2779703140258789063 8.543689727783203125 8.4390964508056640625 10.197124481201171875 9.5022144317626953125 8.6011343002319335938 7.9236464500427246094 6.0126924514770507813 6.8984889984130859375 5.1902399063110351563 6.5890870094299316406 5.3645768165588378906 8.450267791748046875 9.9175729751586914063 7.5492343902587890625 7.8448781967163085938 6.877246856689453125 9.4003200531005859375 8.1490650177001953125 6.0249204635620117188 6.1393795013427734375 7.9616732597351074219 9.5991315841674804688 8.908748626708984375 9.278148651123046875 8.7577676773071289063 11.798878669738769531 18.354221343994140625 18.328386306762695313 10.5364227294921875 10.886170387268066406 18.377214431762695313 17.403707504272460938 18.2398834228515625 19.104526519775390625 11.191315650939941406 10.373633384704589844 9.127285003662109375 8.143768310546875 8.64174652099609375
9.4483633041381835938 8.7730627059936523438 8.130672454833984375 8.8189697265625 9.6531229019165039063 7.8729600906372070313 13.240339279174804688 13.957482337951660156 5.349639892578125 4.5094971656799316406 7.7623004913330078125 7.4583439826965332031 9.049083709716796875 9.0438280105590820313 7.017604827880859375 8.6481962203979492188 10.710145950317382813 8.9544668197631835938 6.4458603858947753906 6.3530440330505371094 6.9369940757751464844 7.7743506431579589844 6.4757704734802246094 9.0362749099731445313 7.3259854316711425781 8.729320526123046875 8.78148651123046875 9.2890386581420898438 8.610015869140625 9.1720743179321289063 18.2570037841796875 18.231668472290039063 18.4190673828125 11.048064231872558594 9.4655694961547851563 10.371567726135253906 9.511417388916015625 8.0775079727172851563 5.0166044235229492188 6.3112235069274902344
9.7501859664916992188 8.2332181930541992188 6.730449676513671875 6.7583761215209960938 8.8776454925537109375 8.9631061553955078125 15.464830398559570313 6.9813551902770996094 8.7299642562866210938 6.364879608154296875 6.030315399169921875 8.0294942855834960938 15.923343658447265625 8.0866918563842773438 7.4982733726501464844 8.7138166427612304688 7.6201767921447753906 7.0240588188171386719 5.5896677970886230469 8.1790895462036132813 9.3573923110961914063 9.0938692092895507813 8.5983638763427734375 7.6709752082824707031 6.8723311424255371094 8.4014797210693359375 17.504411697387695313 10.627702713012695313 10.419388771057128906 10.6124725341796875 10.787232398986816406 19.071895599365234375 19.253694534301757813 12.609042167663574219 10.825387954711914063 8.7890233993530273438 7.6853322982788085938 7.9244580268859863281 8.1451854705810546875 6.3189778327941894531
8.3776826858520507813 7.2149596214294433594 6.6752557754516601563 5.6980547904968261719 6.5136675834655761719 8.5069179534912109375 16.05496978759765625 6.4309129714965820313 7.4508919715881347656 15.417033195495605469 15.605333328247070313 5.9804959297180175781 7.6020913124084472656 6.3775339126586914063 8.1679229736328125 7.57940673828125 8.031703948974609375 7.2401256561279296875 6.676296234130859375 7.0827579498291015625 7.8998703956604003906 11.616316795349121094 8.6016750335693359375 7.0199780464172363281 6.8683438301086425781 15.136178016662597656 17.2457427978515625 9.3151636123657226563 9.216472625732421875 9.125011444091796875 17.516071319580078125 11.494517326354980469 20.003429412841796875 11.371462821960449219 10.26641845703125 10.621618270874023438 7.2742300033569335938 14.097607612609863281 14.388314247131347656 9.3703479766845703125
6.7737317085266113281 5.61260986328125 6.8063802719116210938 5.6829862594604492188 8.2157239913940429688 7.0246515274047851563 15.998300552368164063 8.3224048614501953125 7.4391589164733886719 6.8671851158142089844 8.3899164199829101563 7.5116729736328125 8.9101657867431640625 6.1329941749572753906 6.2964653968811035156 8.0087633132934570313 6.0930714607238769531 5.2654862403869628906 7.2407011985778808594 7.61257171630859375 10.113887786865234375 18.008945465087890625 7.4581928253173828125 6.4933910369873046875 8.7016668319702148438 7.6135535240173339844 8.5100498199462890625 9.890045166015625 11.031963348388671875 8.7624654769897460938 8.4927740097045898438 9.694179534912109375 18.716489791870117188 9.2664079666137695313 12.176828384399414063 8.7890758514404296875 8.9261369705200195313 8.4598846435546875 8.7908782958984375 10.005450248718261719
9.2019510269165039063 8.465373992919921875 15.668516159057617188 8.3223199844360351563 8.5292835235595703125 8.8891916275024414063 5.1667256355285644531 6.4502625465393066406 4.7769794464111328125 7.7006049156188964844 6.1649532318115234375 5.5700254440307617188 8.3279819488525390625 5.1582136154174804688 5.56671905517578125 6.1183748245239257813 6.9482541084289550781 6.1765270233154296875 6.5902476310729980469 14.986927986145019531 7.4327173233032226563 7.6758136749267578125 14.221907615661621094 6.2742152214050292969 8.2730474472045898438 7.5493869781494140625 7.00811767578125 8.8057050704956054688 11.673915863037109375 10.061017036437988281 8.7627038955688476563 8.6778230667114257813 9.3355197906494140625 9.8716373443603515625 12.18679046630859375 10.216409683227539063 7.4174809455871582031 9.69936370849609375 10.788969993591308594 8.9054079055786132813
10.676737785339355469 6.0109653472900390625 7.954708099365234375 10.203862190246582031 8.4275426864624023438 7.5432820320129394531 6.4377260208129882813 6.2544417381286621094 6.0319113731384277344 6.266696929931640625 6.5732865333557128906 6.5916991233825683594 6.0451450347900390625 6.5819439888000488281 5.3090100288391113281 6.2620348930358886719 5.5672101974487304688 16.11392974853515625 13.544740676879882813 15.845320701599121094 8.3501186370849609375 7.4544458389282226563 14.505810737609863281 8.2723836898803710938 14.595835685729980469 15.9627685546875 7.6754031181335449219 6.5324215888977050781 17.765705108642578125 8.8932485580444335938 7.24480438232421875 8.3890247344970703125 8.9937944412231445313 10.156981468200683594 8.1964216232299804688 7.6218023300170898438 8.0817861557006835938 9.4444589614868164063 9.6232080459594726563 8.1779804229736328125
7.0112757682800292969 8.861114501953125 16.198904037475585938 17.77922821044921875 7.4402608871459960938 4.5813007354736328125 5.166961669921875 6.9207410812377929688 6.139308929443359375 4.635349273681640625 7.9604043960571289063 3.9513151645660400391 3.3103699684143066406 6.63176727294921875 7.6932277679443359375 8.3276205062866210938 14.553339004516601563 15.287067413330078125 15.602749824523925781 8.455371856689453125 8.625087738037109375 7.1004743576049804688 15.260336875915527344 8.6870021820068359375 8.970367431640625 16.937093734741210938 7.7547440528869628906 8.9668359756469726563 17.723573684692382813 15.374594688415527344 7.917911529541015625 7.8739757537841796875 9.6925220489501953125 10.967900276184082031 10.343625068664550781 7.4330248832702636719 7.5540299415588378906 9.15567779541015625 8.9485902786254882813 9.764263153076171875
8.7839765548706054688 9.70751190185546875 17.700479507446289063 16.5436248779296875 7.6324300765991210938 5.2376322746276855469 7.4008870124816894531 8.052867889404296875 7.8134446144104003906 5.8797359466552734375 6.6080164909362792969 6.3520140647888183594 8.1388540267944335938 7.1953206062316894531 8.5736713409423828125 9.2446222305297851563 17.2479400634765625 16.165332794189453125 17.305238723754882813 17.873119354248046875 7.1068139076232910156 7.132625579833984375 15.278334617614746094 8.9780330657958984375 10.156097412109375 15.671190261840820313 15.686528205871582031 6.1755514144897460938 15.209812164306640625 8.0516843795776367188 7.1621618270874023438 6.1527237892150878906 6.5383877754211425781 14.489926338195800781 8.30577850341796875 16.704069137573242188 9.9505224227905273438 8.1268129348754882813 9.7580280303955078125 8.31533050537109375
10.051180839538574219 12.507984161376953125 11.421293258666992188 16.447622299194335938 13.752577781677246094 7.2161707878112792969 5.5267024040222167969 5.4101305007934570313 7.93310546875 6.6263928413391113281 8.4703998565673828125 7.2685747146606445313 9.102954864501953125 8.1078290939331054688 6.97360992431640625 8.9156780242919921875 15.613287925720214844 8.6205768585205078125 7.8847079277038574219 17.187734603881835938 6.7480764389038085938 6.962505340576171875 8.5056619644165039063 8.3576440811157226563 9.1154727935791015625 14.02325439453125 14.121850013732910156 7.2698855400085449219 7.6088714599609375 8.4090375900268554688 5.1552224159240722656 6.9380230903625488281 15.428102493286132813 7.7317061424255371094 5.7225861549377441406 16.6450347900390625 14.49462127685546875 6.7378721237182617188 7.6681461334228515625 5.6331329345703125
9.730022430419921875 11.665946006774902344 10.232203483581542969 7.6271529197692871094 8.417835235595703125 8.13748931884765625 4.7848620414733886719 5.3750185966491699219 7.7496542930603027344 9.6757841110229492188 7.9102339744567871094 9.887500762939453125 11.315924644470214844 8.5825252532958984375 9.3968029022216796875 8.3239068984985351563 17.097198486328125 8.2729120254516601563 7.3870797157287597656 7.6457338333129882813 8.558757781982421875 6.4725251197814941406 7.3053274154663085938 8.8944416046142578125 10.023156166076660156 9.7255334854125976563 18.643095016479492188 15.120077133178710938 7.2467050552368164063 8.2274751663208007813 4.647853851318359375 4.8519473075866699219 13.619457244873046875 14.831705093383789063 15.007657051086425781 7.6884255409240722656 16.876085281372070313 5.5899910926818847656 7.5303616523742675781 9.591625213623046875
8.25012969970703125 9.9707384109497070313 9.1395082473754882813 8.1158809661865234375 9.6891183853149414063 15.210557937622070313 5.2300052642822265625 3.5941803455352783203 7.0404582023620605469 9.0433931350708007813 9.3460693359375 11.365779876708984375 9.5421075820922851563 8.978260040283203125 7.6077485084533691406 9.0224275588989257813 9.4674615859985351563 8.1065855026245117188 7.3558816909790039063 7.9735741615295410156 6.6550426483154296875 16.523059844970703125 9.5887279510498046875 18.6853790283203125 10.100412368774414063 8.8454217910766601563 10.850988388061523438 7.8317217826843261719 12.64194488525390625 6.4694089889526367188 5.7686705589294433594 4.900783538818359375 5.4655866622924804688 14.659413337707519531 16.274051666259765625 7.9820656776428222656 15.20647430419921875 8.747409820556640625 5.7408761978149414063 7.8636264801025390625
7.3102288246154785156 9.5417041778564453125 10.116383552551269531 8.0567684173583984375 7.6451768875122070313 6.350452423095703125 4.9095711708068847656 4.2952351570129394531 5.8551497459411621094 8.4336452484130859375 10.08258056640625 10.146451950073242188 10.503289222717285156 10.036102294921875 8.4404582977294921875 9.4667081832885742188 9.1358747482299804688 6.3255801200866699219 8.9549274444580078125 7.2980389595031738281 10.182980537414550781 16.451089859008789063 14.907276153564453125 9.6969127655029296875 8.4761438369750976563 9.7333812713623046875 8.1663360595703125 7.1477494239807128906 5.7111406326293945313 14.672322273254394531 5.8159070014953613281 6.1961750984191894531 16.655607223510742188 8.18891143798828125 8.8071575164794921875 8.0097150802612304688 15.571298599243164063 16.496164321899414063 8.6229848861694335938 7.9898405075073242188
9.5418186187744140625 9.9363794326782226563 10.057227134704589844 10.123623847961425781 9.338199615478515625 16.598409652709960938 6.7947211265563964844 7.8297915458679199219 8.38666534423828125 8.6621751785278320313 8.5092592239379882813 10.33260345458984375 12.074717521667480469 9.1058053970336914063 16.112173080444335938 9.1765537261962890625 9.6394300460815429688 8.2328119277954101563 7.4496974945068359375 9.4947977066040039063 9.933116912841796875 11.7657318115234375 8.0583248138427734375 14.669243812561035156 14.468343734741210938 8.6320295333862304688 7.0601458549499511719 8.024524688720703125 6.0062046051025390625 9.4817972183227539063 8.861133575439453125 18.45249176025390625 10.907772064208984375 19.201976776123046875 9.8877811431884765625 9.6511707305908203125 7.48589324951171875 17.821079254150390625 11.474843025207519531 7.3443470001220703125
9.0298852920532226563 8.855777740478515625 17.253412246704101563 10.234426498413085938 16.82740020751953125 16.186161041259765625 5.3583498001098632813 8.0483770370483398438 8.80640411376953125 8.88114166259765625 9.0614500045776367188 11.840895652770996094 10.561846733093261719 8.9838504791259765625 6.6450014114379882813 6.582950592041015625 8.63945770263671875 9.0662508010864257813 8.6149816513061523438 7.1698617935180664063 6.5873732566833496094 7.6270575523376464844 7.526874542236328125 8.9009408950805664063 5.0914335250854492188 15.871942520141601563 14.572843551635742188 9.4267816543579101563 8.0254497528076171875 14.399501800537109375 17.401828765869140625 18.402210235595703125 9.51313018798828125 9.9211969375610351563 18.15573883056640625 9.5588703155517578125 8.9864711761474609375 17.141632080078125 7.8228082656860351563 7.7588472366333007813
9.597034454345703125 16.900526046752929688 15.77750396728515625 18.822332382202148438 8.9959621429443359375 6.5027012825012207031 5.0404767990112304688 8.1000509262084960938 8.9711561203002929688 10.589990615844726563 10.415141105651855469 10.434699058532714844 10.183008193969726563 9.3144197463989257813 17.71529388427734375 16.335927963256835938 9.7696046829223632813 9.5163850784301757813 7.5591826438903808594 7.0940432548522949219 6.0505623817443847656 7.9825816154479980469 7.9740133285522460938 6.4230813980102539063 7.02718353271484375 6.4144687652587890625 8.1158266067504882813 8.3830270767211914063 8.582149505615234375 16.988843917846679688 16.758924484252929688 8.961780548095703125 16.839437484741210938 9.042949676513671875 8.0544118881225585938 8.0725145339965820313 14.637140274047851563 6.5243611335754394531 6.4674577713012695313 7.2181901931762695313
8.458953857421875 17.209047317504882813 16.0550994873046875 9.0267076492309570313 7.7280864715576171875 6.4761471748352050781 7.1586980819702148438 7.3851118087768554688 15.721096992492675781 9.7543926239013671875 10.261837959289550781 14.536303520202636719 16.876474380493164063 7.4586882591247558594 16.1748199462890625 9.23398590087890625 9.178890228271484375 9.4841413497924804688 7.15190887451171875 7.3253331184387207031 8.8824586868286132813 8.3067445755004882813 7.4419522285461425781 7.5678896903991699219 7.4717478752136230469 9.6662759780883789063 8.9360609054565429688 8.5029058456420898438 9.5586986541748046875 5.7768402099609375 16.123743057250976563 17.61707305908203125 7.6477155685424804688 8.6094837188720703125 17.859136581420898438 9.0834360122680664063 15.32616424560546875 7.2161345481872558594 6.021549224853515625 6.9190130233764648438
