inst/extdata/ibe-ibr-demo/multi_surface/Results/err27.ffp.asc
ncols        358
nrows        426
xllcorner    683282.509631976951
yllcorner    4992832.770215390250
cellsize     30.000000000000
NODATA_value nan
[rows 54 to 71 of 426, columns 246 to 286 of 358]
44.690975189208984375 49.2569580078125 48.591091156005859375 45.083683013916015625 45.265071868896484375 45.77410888671875 45.925930023193359375 44.25727081298828125 40.766925811767578125 38.087017059326171875 33.804443359375 34.10785675048828125 33.681118011474609375 32.16576385498046875 30.93132781982421875 31.713985443115234375 32.380260467529296875 34.0617828369140625 35.631290435791015625 36.9841156005859375 38.700550079345703125 39.90435028076171875 41.162372589111328125 43.699306488037109375 46.974140167236328125 46.36145782470703125 46.460430145263671875 47.66141510009765625 48.132923126220703125 47.341152191162109375 46.318782806396484375 46.29840087890625 43.562038421630859375 39.226345062255859375 34.890110015869140625 32.27584075927734375 30.840734481811523438 29.61522674560546875 28.179180145263671875 27.593017578125 27.664915084838867188
45.663173675537109375 49.712711334228515625 52.6483612060546875 48.510204315185546875 48.452457427978515625 48.199665069580078125 48.393161773681640625 46.91548919677734375 43.912967681884765625 41.37699127197265625 39.44264984130859375 36.274555206298828125 34.962818145751953125 34.55707550048828125 33.487689971923828125 31.782558441162109375 32.482784271240234375 33.490802764892578125 34.425807952880859375 35.9173126220703125 37.083423614501953125 38.5172576904296875 40.672489166259765625 43.9940185546875 45.7786102294921875 45.327419281005859375 45.534496307373046875 45.697235107421875 45.869876861572265625 46.612407684326171875 45.477108001708984375 44.316619873046875 42.36650848388671875 35.99741363525390625 32.52806854248046875 26.756734848022460938 25.353574752807617188 24.466350555419921875 23.278228759765625 23.20413970947265625 23.843120574951171875
46.11161041259765625 49.850406646728515625 52.0212249755859375 51.909168243408203125 48.809566497802734375 50.22669219970703125 50.366436004638671875 48.7666015625 46.21466064453125 43.439422607421875 39.847774505615234375 37.559795379638671875 35.563518524169921875 34.746417999267578125 33.79924774169921875 32.163677215576171875 31.928375244140625 32.00734710693359375 31.792901992797851563 33.203662872314453125 34.60932159423828125 36.722743988037109375 38.77295684814453125 40.78600311279296875 44.621837615966796875 44.048946380615234375 43.2585601806640625 43.948394775390625 44.286712646484375 44.14502716064453125 42.477764129638671875 42.77344512939453125 38.863300323486328125 35.529510498046875 29.900793075561523438 24.373109817504882813 21.372362136840820313 20.436695098876953125 19.67844390869140625 19.426534652709960938 19.697513580322265625
47.6354217529296875 49.44842529296875 50.801036834716796875 53.85985565185546875 52.480449676513671875 49.983043670654296875 48.93871307373046875 47.656917572021484375 44.653125762939453125 42.648956298828125 41.691707611083984375 41.40777587890625 36.647319793701171875 35.6754150390625 34.652202606201171875 34.245792388916015625 31.58168792724609375 29.764417648315429688 29.582489013671875 28.992517471313476563 29.716665267944335938 31.77606201171875 33.608814239501953125 36.825466156005859375 39.8985137939453125 41.600307464599609375 41.313671112060546875 41.91066741943359375 42.13335418701171875 40.948944091796875 40.3355865478515625 39.25188446044921875 36.662303924560546875 32.710117340087890625 27.146026611328125 20.685224533081054688 16.970548629760742188 16.574497222900390625 16.202566146850585938 16.769388198852539063 18.242574691772460938
48.2178192138671875 48.243465423583984375 50.267223358154296875 49.889392852783203125 50.700267791748046875 48.084033966064453125 47.120960235595703125 45.57807159423828125 45.304012298583984375 43.6833953857421875 41.147205352783203125 38.501903533935546875 36.1237640380859375 33.06118011474609375 31.210588455200195313 30.850553512573242188 30.560817718505859375 29.556379318237304688 28.151966094970703125 26.47634124755859375 27.072912216186523438 26.2992401123046875 28.119413375854492188 31.175924301147460938 34.03907012939453125 36.809177398681640625 36.4762420654296875 38.002193450927734375 38.021785736083984375 38.976398468017578125 38.78165435791015625 38.76700592041015625 36.61621856689453125 34.05623626708984375 27.66973114013671875 20.169771194458007813 15.499883651733398438 15.398485183715820313 15.561666488647460938 16.020196914672851563 17.598432540893554688
45.297840118408203125 44.799427032470703125 44.89713287353515625 43.8545684814453125 45.897064208984375 46.28401947021484375 43.922229766845703125 44.539577484130859375 42.39548492431640625 39.814044952392578125 36.5047454833984375 34.22967529296875 32.835407257080078125 31.070413589477539063 27.891870498657226563 26.668886184692382813 26.574069976806640625 25.936611175537109375 25.80040740966796875 25.522838592529296875 24.323162078857421875 26.415861129760742188 24.974851608276367188 28.187383651733398438 31.086551666259765625 32.1240386962890625 33.49457550048828125 33.856006622314453125 34.91205596923828125 36.2474822998046875 37.85346221923828125 38.4598236083984375 38.371547698974609375 37.539333343505859375 28.9223480224609375 21.33242034912109375 18.265125274658203125 16.350179672241210938 15.566384315490722656 16.308671951293945313 18.576534271240234375
42.8115081787109375 41.645160675048828125 40.354763031005859375 40.500888824462890625 42.10204315185546875 44.3181304931640625 44.20378875732421875 40.13191986083984375 37.261310577392578125 35.364349365234375 33.512264251708984375 31.277252197265625 29.53452301025390625 27.321714401245117188 26.316244125366210938 25.2561187744140625 23.883457183837890625 22.820302963256835938 22.987277984619140625 22.8681640625 22.852325439453125 22.644496917724609375 25.159498214721679688 24.755893707275390625 27.84648895263671875 28.9731903076171875 29.669153213500976563 30.929067611694335938 32.711551666259765625 34.37261962890625 36.219585418701171875 39.834453582763671875 41.286525726318359375 39.731525421142578125 33.125896453857421875 27.269533157348632813 22.612018585205078125 19.400224685668945313 17.731781005859375 18.374097824096679688 21.639127731323242188
35.89859771728515625 35.87827301025390625 35.5958404541015625 35.3987579345703125 37.0683135986328125 41.05870819091796875 41.178600311279296875 37.134029388427734375 34.451904296875 31.42064666748046875 29.17917633056640625 28.36975860595703125 26.124494552612304688 24.961378097534179688 23.54386138916015625 23.432781219482421875 21.609790802001953125 21.63574981689453125 21.72699737548828125 21.890354156494140625 23.5810089111328125 22.0296173095703125 24.53894805908203125 27.070222854614257813 26.019693374633789063 26.360774993896484375 27.66414642333984375 29.094381332397460938 31.081441879272460938 33.522308349609375 36.857181549072265625 41.01895904541015625 42.77175140380859375 43.43299102783203125 38.869441986083984375 34.989055633544921875 29.628007888793945313 25.055418014526367188 24.140115737915039063 22.827329635620117188 24.05545806884765625
35.286937713623046875 34.01120758056640625 33.757534027099609375 33.73895263671875 34.870456695556640625 35.7135009765625 37.75884246826171875 34.838489532470703125 31.597352981567382813 28.720087051391601563 27.141965866088867188 25.105848312377929688 24.660474777221679688 23.545276641845703125 22.740377426147460938 22.125173568725585938 21.3664093017578125 20.017625808715820313 20.125524520874023438 20.764980316162109375 22.799757003784179688 23.558750152587890625 23.603094100952148438 26.437408447265625 24.645246505737304688 25.831630706787109375 27.455133438110351563 29.412166595458984375 31.664276123046875 34.298549652099609375 38.761989593505859375 42.063533782958984375 47.1143798828125 47.645717620849609375 44.9929046630859375 38.9802398681640625 31.935544967651367188 26.367290496826171875 22.540073394775390625 21.076786041259765625 22.162517547607421875
33.83699798583984375 29.309705734252929688 29.239286422729492188 29.814517974853515625 32.307529449462890625 34.252567291259765625 35.9596710205078125 33.537212371826171875 30.565216064453125 28.148889541625976563 25.252546310424804688 24.236658096313476563 23.344821929931640625 22.147348403930664063 21.574672698974609375 21.846399307250976563 21.091608047485351563 20.1646270751953125 20.213897705078125 21.61071014404296875 23.61585235595703125 25.290121078491210938 24.016510009765625 25.74190521240234375 26.295070648193359375 26.719387054443359375 28.976419448852539063 31.533456802368164063 35.105388641357421875 38.8229522705078125 41.997768402099609375 42.442188262939453125 42.81461334228515625 42.913005828857421875 40.763275146484375 36.696002960205078125 31.490224838256835938 27.901632308959960938 25.02356719970703125 23.234375 23.451122283935546875
35.57065582275390625 32.684108734130859375 29.161500930786132813 29.326444625854492188 31.6768035888671875 33.037212371826171875 34.879093170166015625 33.437206268310546875 30.899997711181640625 28.5582122802734375 25.769701004028320313 23.702571868896484375 22.546045303344726563 22.37038421630859375 22.304414749145507813 22.466670989990234375 21.894517898559570313 21.488660812377929688 21.362329483032226563 23.140710830688476563 24.66350555419921875 28.064546585083007813 27.808149337768554688 27.193603515625 29.60047149658203125 27.8518524169921875 32.183757781982421875 36.492931365966796875 37.967990875244140625 36.950969696044921875 37.441463470458984375 36.815738677978515625 37.503326416015625 39.160736083984375 38.66803741455078125 36.1910858154296875 34.16031646728515625 29.779865264892578125 27.155920028686523438 25.054872512817382813 24.383016586303710938
37.261157989501953125 36.5146026611328125 31.905897140502929688 28.947200775146484375 28.450756072998046875 27.669172286987304688 25.3993377685546875 28.828306198120117188 28.94132232666015625 29.780792236328125 28.265218734741210938 26.782087326049804688 25.788015365600585938 24.751323699951171875 24.914356231689453125 23.476535797119140625 22.935094833374023438 23.259057998657226563 22.466856002807617188 25.866262435913085938 29.092634201049804688 30.082578659057617188 29.23699188232421875 29.48174285888671875 30.759435653686523438 29.961580276489257813 33.19193267822265625 34.323047637939453125 34.0179443359375 33.83974456787109375 34.401641845703125 34.791217803955078125 35.9046783447265625 38.15903472900390625 39.65978240966796875 37.306247711181640625 34.703655242919921875 30.822404861450195313 28.443666458129882813 26.54076385498046875 26.333644866943359375
37.764148712158203125 33.718189239501953125 26.160409927368164063 21.694683074951171875 20.40122222900390625 20.515920639038085938 19.212587356567382813 20.824459075927734375 21.04297637939453125 21.3918914794921875 21.929759979248046875 22.969072341918945313 22.056652069091796875 21.719209671020507813 20.363658905029296875 18.941204071044921875 18.40301513671875 18.8612823486328125 18.620258331298828125 20.805988311767578125 23.282358169555664063 23.884550094604492188 24.266904830932617188 23.7670135498046875 26.384782791137695313 27.148345947265625 30.670879364013671875 31.766462326049804688 31.502214431762695313 32.512058258056640625 32.4300079345703125 33.95517730712890625 36.9591827392578125 39.44416046142578125 40.11359405517578125 39.591548919677734375 38.463741302490234375 33.9584503173828125 31.527048110961914063 30.504899978637695313 30.590719223022460938
31.849094390869140625 27.705247879028320313 20.907190322875976563 16.977262496948242188 17.07500457763671875 17.206857681274414063 16.688135147094726563 17.6201629638671875 17.87628936767578125 18.996204376220703125 20.347209930419921875 20.466888427734375 20.444372177124023438 19.413080215454101563 18.022687911987304688 17.19110870361328125 16.898418426513671875 17.39014434814453125 17.241109848022460938 18.94802093505859375 20.613773345947265625 21.614133834838867188 20.252044677734375 20.946966171264648438 23.87896728515625 23.798175811767578125 28.4185333251953125 30.229612350463867188 31.086635589599609375 32.166721343994140625 33.381542205810546875 35.52854156494140625 38.5449981689453125 41.789920806884765625 42.23602294921875 39.99913787841796875 38.15860748291015625 35.027301788330078125 33.529788970947265625 32.492870330810546875 33.21292877197265625
26.438203811645507813 23.786966323852539063 18.420352935791015625 15.833043098449707031 16.509365081787109375 16.117115020751953125 16.553802490234375 17.1396484375 17.5211944580078125 18.834354400634765625 19.39527130126953125 19.672353744506835938 19.094783782958984375 19.137477874755859375 18.06798553466796875 17.495222091674804688 16.858043670654296875 17.447786331176757813 17.740751266479492188 19.167041778564453125 19.821855545043945313 20.6949005126953125 20.436594009399414063 20.770168304443359375 23.868785858154296875 24.05678558349609375 27.267953872680664063 29.869287490844726563 30.875551223754882813 33.45435333251953125 35.752750396728515625 38.2282257080078125 41.473262786865234375 43.62651824951171875 43.76434326171875 42.5356903076171875 41.454814910888671875 37.40666961669921875 36.27295684814453125 35.907367706298828125 36.50357818603515625
24.51863861083984375 23.070333480834960938 18.99700927734375 16.975572586059570313 17.646875381469726563 17.137346267700195313 17.760141372680664063 18.450315475463867188 19.043748855590820313 19.532575607299804688 19.955381393432617188 20.12457275390625 20.204771041870117188 20.362424850463867188 19.531152725219726563 19.25043487548828125 19.103296279907226563 19.667369842529296875 19.809047698974609375 20.01757049560546875 20.913354873657226563 21.90142059326171875 20.5390472412109375 22.490682601928710938 23.3214263916015625 25.67144775390625 27.94286346435546875 30.599958419799804688 32.955692291259765625 36.35886383056640625 39.2095947265625 41.97479248046875 45.029499053955078125 45.764087677001953125 45.830928802490234375 44.232913970947265625 41.611820220947265625 39.6887664794921875 38.306732177734375 38.205257415771484375 39.031879425048828125
25.373783111572265625 24.267244338989257813 20.543787002563476563 18.072729110717773438 19.02593994140625 19.120664596557617188 20.047864913940429688 20.584285736083984375 21.1320343017578125 21.290225982666015625 21.41948699951171875 22.3509674072265625 23.496845245361328125 23.489316940307617188 22.645036697387695313 22.33333587646484375 22.007566452026367188 22.598009109497070313 22.493932723999023438 22.182546615600585938 23.0506439208984375 23.635484695434570313 22.20391082763671875 24.578098297119140625 24.080179214477539063 28.53018951416015625 30.428203582763671875 32.170635223388671875 34.956996917724609375 38.372005462646484375 42.265415191650390625 45.873443603515625 48.371490478515625 48.2499237060546875 47.150592803955078125 46.064342498779296875 42.4721527099609375 41.971591949462890625 40.99861907958984375 40.784748077392578125 41.429157257080078125
26.501251220703125 26.293653488159179688 22.188579559326171875 20.471708297729492188 21.24996185302734375 22.160190582275390625 22.559438705444335938 22.227148056030273438 22.957088470458984375 23.095056533813476563 24.096467971801757813 25.739931106567382813 26.484832763671875 27.7939453125 26.603033065795898438 25.866151809692382813 25.473478317260742188 25.159137725830078125 25.212497711181640625 25.831724166870117188 26.530927658081054688 24.40538787841796875 25.775945663452148438 25.422620773315429688 28.323873519897460938 31.855243682861328125 33.0914306640625 34.877445220947265625 37.1851043701171875 40.47968292236328125 43.75234222412109375 47.630847930908203125 48.904117584228515625 49.3464508056640625 48.629642486572265625 46.254261016845703125 44.471019744873046875 43.429538726806640625 43.641353607177734375 43.932849884033203125 43.93267059326171875
