inst/extdata/ibe-ibr-demo/multi_surface/Results/err27.ffp.asc
ncols        358
nrows        426
xllcorner    683282.509631976951
yllcorner    4992832.770215390250
cellsize     30.000000000000
NODATA_value nan
[rows 306 to 323 of 426, columns 246 to 286 of 358]
16.135713577270507813 16.527379989624023438 18.385435104370117188 20.160799026489257813 22.824062347412109375 25.477846145629882813 30.315015792846679688 34.097782135009765625 36.420391082763671875 41.43137359619140625 45.78501129150390625 50.965087890625 55.484622955322265625 60.2355804443359375 64.278076171875 66.2160491943359375 68.423828125 64.7083892822265625 57.471057891845703125 47.391689300537109375 48.66625213623046875 59.6656341552734375 70.091796875 72.252685546875 70.15106964111328125 64.82403564453125 62.127132415771484375 59.554004669189453125 55.853969573974609375 50.58707427978515625 44.440578460693359375 38.85863494873046875 35.40450286865234375 35.020477294921875 33.869449615478515625 29.963178634643554688 24.647893905639648438 21.684137344360351563 18.501958847045898438 16.24352264404296875 14.646815299987792969
14.256516456604003906 14.004789352416992188 15.356868743896484375 17.813348770141601563 20.847377777099609375 22.932712554931640625 27.329004287719726563 32.03394317626953125 35.44012451171875 39.25968170166015625 44.898952484130859375 51.09908294677734375 54.62255096435546875 59.8177490234375 64.980194091796875 67.08673858642578125 69.0053558349609375 65.92783355712890625 59.803401947021484375 48.21875762939453125 52.0666961669921875 61.536895751953125 75.41977691650390625 74.4660186767578125 71.14952850341796875 66.37924957275390625 62.866634368896484375 59.459651947021484375 54.595455169677734375 48.581027984619140625 42.596942901611328125 37.611785888671875 34.671787261962890625 32.9808349609375 32.671970367431640625 28.754068374633789063 23.5426177978515625 21.157258987426757813 18.308324813842773438 15.455963134765625 14.402468681335449219
13.079308509826660156 12.952905654907226563 12.1936187744140625 14.839282035827636719 18.202564239501953125 20.805034637451171875 25.316610336303710938 30.4507293701171875 35.565399169921875 39.0121307373046875 44.788341522216796875 50.435333251953125 54.343654632568359375 60.383388519287109375 65.87237548828125 69.40869903564453125 71.8254852294921875 69.60019683837890625 64.5122528076171875 53.652233123779296875 54.69977569580078125 67.562225341796875 72.06342315673828125 73.329925537109375 71.0374603271484375 66.5844879150390625 63.545658111572265625 58.9348907470703125 53.02557373046875 47.619384765625 42.084354400634765625 36.762115478515625 33.717960357666015625 30.883554458618164063 29.88460540771484375 27.305095672607421875 23.522703170776367188 20.298488616943359375 17.958103179931640625 15.725250244140625 15.267701148986816406
10.917558670043945313 10.921896934509277344 11.364771842956542969 13.321372032165527344 16.361242294311523438 19.014102935791015625 22.7777862548828125 28.551563262939453125 34.5053253173828125 38.752285003662109375 43.330158233642578125 48.59496307373046875 54.259613037109375 60.842838287353515625 66.64665985107421875 70.136627197265625 72.09368133544921875 69.455810546875 66.0058441162109375 55.262905120849609375 57.26566314697265625 64.629058837890625 72.33687591552734375 73.4433746337890625 70.930206298828125 67.77118682861328125 63.57649993896484375 59.530086517333984375 53.068431854248046875 45.8323974609375 40.89957427978515625 36.58968353271484375 33.313854217529296875 29.913455963134765625 29.573394775390625 26.385911941528320313 22.743526458740234375 20.167629241943359375 17.716661453247070313 16.797298431396484375 15.740662574768066406
9.0563831329345703125 8.8673391342163085938 9.2367572784423828125 11.83939361572265625 15.254364967346191406 17.651775360107421875 22.294267654418945313 26.664590835571289063 33.059795379638671875 37.81456756591796875 43.359424591064453125 49.3702392578125 55.383731842041015625 61.2647857666015625 65.53304290771484375 68.59883880615234375 72.48339080810546875 71.64459991455078125 65.19799041748046875 57.60105133056640625 58.874889373779296875 66.67901611328125 71.25780487060546875 71.05054473876953125 71.11882781982421875 68.32125091552734375 64.207427978515625 58.84929656982421875 52.379150390625 45.488636016845703125 40.074062347412109375 37.05632781982421875 33.41698455810546875 29.564563751220703125 28.343461990356445313 24.263082504272460938 20.678920745849609375 18.133390426635742188 16.874654769897460938 15.489777565002441406 14.738860130310058594
8.014827728271484375 7.8692603111267089844 8.5596952438354492188 11.115884780883789063 14.675242424011230469 16.65766143798828125 20.651628494262695313 25.544248580932617188 32.056751251220703125 37.277950286865234375 43.131374359130859375 49.648311614990234375 55.4948883056640625 61.217342376708984375 65.26739501953125 70.19781494140625 72.755584716796875 71.514129638671875 66.034942626953125 57.110248565673828125 59.9976959228515625 66.2196502685546875 70.34934234619140625 71.517822265625 69.74625396728515625 65.9629058837890625 61.862621307373046875 58.02490234375 52.14295196533203125 45.082118988037109375 40.03571319580078125 35.143299102783203125 31.192178726196289063 27.093465805053710938 26.556886672973632813 23.817308425903320313 19.225957870483398438 15.620844841003417969 14.018334388732910156 12.959104537963867188 13.123216629028320313
6.1546649932861328125 6.4054918289184570313 7.4557929039001464844 10.353859901428222656 13.339797019958496094 15.683831214904785156 19.735578536987304688 24.918704986572265625 31.651334762573242188 37.45761871337890625 42.8258056640625 49.76148223876953125 56.1384735107421875 61.59229278564453125 67.13324737548828125 71.90985870361328125 76.0545501708984375 77.6597137451171875 69.100250244140625 58.910282135009765625 61.44189453125 68.356842041015625 71.7939605712890625 74.65831756591796875 70.32309722900390625 65.52510833740234375 61.213623046875 57.818645477294921875 50.64652252197265625 44.029140472412109375 37.90735626220703125 33.979251861572265625 30.415971755981445313 26.939151763916015625 26.56742095947265625 22.166372299194335938 17.742959976196289063 14.599368095397949219 12.684190750122070313 11.560659408569335938 10.619680404663085938
7.8597960472106933594 7.7175107002258300781 8.3600559234619140625 10.776339530944824219 12.697785377502441406 15.455422401428222656 19.028881072998046875 24.602619171142578125 31.33867645263671875 37.227466583251953125 43.323383331298828125 50.348148345947265625 56.62587738037109375 63.1817169189453125 68.5090179443359375 74.47817230224609375 79.46981048583984375 79.96741485595703125 75.08341217041015625 65.7047882080078125 64.20285797119140625 70.856109619140625 76.84426116943359375 77.52805328369140625 71.87586212158203125 66.21529388427734375 60.342746734619140625 55.252498626708984375 49.672481536865234375 42.27313995361328125 36.971088409423828125 32.815948486328125 28.344608306884765625 25.636379241943359375 23.957712173461914063 21.368413925170898438 17.110853195190429688 13.762703895568847656 12.708279609680175781 11.717027664184570313 13.688629150390625
8.4042797088623046875 8.0637559890747070313 8.42180633544921875 10.458365440368652344 12.374090194702148438 16.149066925048828125 19.712152481079101563 25.2984466552734375 31.421281814575195313 36.632907867431640625 43.217853546142578125 50.317474365234375 57.533512115478515625 64.86139678955078125 69.88226318359375 76.847198486328125 80.86351776123046875 83.84223175048828125 77.88336944580078125 64.6181182861328125 65.5260009765625 72.94390106201171875 80.96575164794921875 79.177520751953125 73.31841278076171875 67.80558013916015625 60.67760467529296875 53.509521484375 48.046092987060546875 42.9345703125 36.65480804443359375 32.161224365234375 26.952035903930664063 24.452545166015625 22.716741561889648438 20.871198654174804688 16.302503585815429688 14.733730316162109375 14.2014923095703125 15.749664306640625 17.397054672241210938
10.5549163818359375 9.643474578857421875 10.535318374633789063 10.4058074951171875 12.738430976867675781 16.489101409912109375 20.41075897216796875 25.864734649658203125 31.421918869018554688 36.676631927490234375 43.24492645263671875 51.57276153564453125 59.29126739501953125 65.65667724609375 71.1700439453125 76.45722198486328125 81.29344940185546875 83.24781036376953125 77.34410858154296875 65.08435821533203125 68.31681060791015625 75.7984619140625 82.3394012451171875 80.5051116943359375 74.357025146484375 66.98705291748046875 59.207965850830078125 53.535610198974609375 49.82585906982421875 43.6981048583984375 37.657611846923828125 32.817974090576171875 28.005155563354492188 24.36869049072265625 21.65009307861328125 20.049253463745117188 17.708162307739257813 18.028009414672851563 18.07526397705078125 17.572948455810546875 17.297119140625
14.50164794921875 13.047637939453125 11.356497764587402344 11.595818519592285156 14.444762229919433594 17.995759963989257813 21.728689193725585938 26.519945144653320313 32.086223602294921875 37.1526947021484375 43.744518280029296875 52.342006683349609375 60.138927459716796875 65.11651611328125 69.3876953125 75.6460113525390625 80.270294189453125 82.6080322265625 78.1428680419921875 66.131622314453125 66.75487518310546875 75.76946258544921875 83.72093963623046875 79.24713134765625 72.92060089111328125 67.3575286865234375 59.185672760009765625 55.5837554931640625 50.5373382568359375 44.55382537841796875 38.6613616943359375 33.733890533447265625 29.902254104614257813 26.931577682495117188 24.499116897583007813 22.733539581298828125 20.456783294677734375 20.014068603515625 19.715162277221679688 19.756963729858398438 18.947490692138671875
18.535791397094726563 15.185425758361816406 12.905951499938964844 14.025908470153808594 16.641735076904296875 19.901393890380859375 23.667581558227539063 28.082530975341796875 32.593204498291015625 38.133113861083984375 45.38257598876953125 52.92781829833984375 60.048053741455078125 65.53509521484375 72.23117828369140625 77.7869110107421875 81.03440093994140625 81.2361602783203125 77.3826904296875 67.73201751708984375 66.219635009765625 72.55431365966796875 76.26548004150390625 76.31261444091796875 72.2054290771484375 66.3802947998046875 59.5090179443359375 55.67226409912109375 50.680309295654296875 45.461231231689453125 39.88823699951171875 36.21291351318359375 31.248119354248046875 27.795404434204101563 25.6817626953125 24.24114227294921875 22.63531494140625 21.219972610473632813 21.085779190063476563 20.864414215087890625 19.021715164184570313
18.14450836181640625 16.287067413330078125 15.08367919921875 16.11830902099609375 18.89382171630859375 22.20569610595703125 25.621667861938476563 29.530424118041992188 33.95958709716796875 39.97664642333984375 46.689914703369140625 53.300724029541015625 61.372119903564453125 67.93613433837890625 72.65532684326171875 77.40384674072265625 80.703460693359375 81.50260162353515625 74.540802001953125 63.90291595458984375 63.3831939697265625 69.46656036376953125 76.51019287109375 73.9371795654296875 67.33675384521484375 64.788787841796875 61.107666015625 56.548919677734375 51.114452362060546875 46.6517791748046875 41.297863006591796875 37.147491455078125 31.988653182983398438 28.3292999267578125 26.491336822509765625 25.67392730712890625 23.323398590087890625 22.469362258911132813 21.65068817138671875 20.771480560302734375 20.596788406372070313
17.878950119018554688 16.093196868896484375 17.021434783935546875 19.6956787109375 21.593145370483398438 24.654962539672851563 27.62813568115234375 30.638545989990234375 35.854053497314453125 41.692378997802734375 47.81922149658203125 55.12947845458984375 63.065456390380859375 68.61363983154296875 74.0030059814453125 78.50131988525390625 80.7131195068359375 80.2713470458984375 75.183380126953125 64.3634796142578125 61.57045745849609375 68.84038543701171875 72.5601043701171875 71.98290252685546875 65.4932098388671875 62.5664520263671875 60.765613555908203125 56.5096588134765625 50.930309295654296875 47.3521881103515625 41.92725372314453125 37.35582733154296875 32.502979278564453125 28.131044387817382813 28.672359466552734375 26.672031402587890625 24.035394668579101563 22.209056854248046875 20.544963836669921875 20.374509811401367188 20.776536941528320313
17.000631332397460938 17.701917648315429688 18.74309539794921875 21.421106338500976563 24.638843536376953125 27.100955963134765625 30.290205001831054688 33.249881744384765625 37.691192626953125 42.9459075927734375 49.84521484375 57.1132049560546875 65.341705322265625 70.46108245849609375 74.9840240478515625 78.71761322021484375 79.6329193115234375 77.842742919921875 72.83917999267578125 61.510066986083984375 60.7115631103515625 66.3119659423828125 69.92832183837890625 69.15004730224609375 66.154815673828125 61.467433929443359375 59.73911285400390625 56.0359954833984375 51.0778350830078125 46.245944976806640625 40.91263580322265625 36.668972015380859375 32.267749786376953125 28.331953048706054688 28.928562164306640625 26.88846588134765625 24.362268447875976563 22.204334259033203125 22.257410049438476563 21.23703765869140625 22.137826919555664063
18.227199554443359375 19.4869384765625 21.552682876586914063 23.003759384155273438 25.175104141235351563 27.593931198120117188 31.2553863525390625 35.93079376220703125 39.760951995849609375 45.068897247314453125 51.63695526123046875 59.503673553466796875 65.245361328125 70.14548492431640625 74.37677001953125 76.40805816650390625 78.060089111328125 75.48616790771484375 70.3297576904296875 56.00379180908203125 58.899188995361328125 65.7730255126953125 68.01839447021484375 67.6584625244140625 64.33539581298828125 60.0320281982421875 57.409328460693359375 54.57321929931640625 50.7638092041015625 46.359638214111328125 41.1358489990234375 36.295124053955078125 31.56702423095703125 28.63732147216796875 26.767179489135742188 25.671600341796875 23.469354629516601563 22.46929931640625 21.275180816650390625 21.982906341552734375 21.400554656982421875
20.263292312622070313 21.138566970825195313 22.52439117431640625 23.909929275512695313 26.315969467163085938 28.917840957641601563 32.027088165283203125 35.90010833740234375 40.852664947509765625 46.70139312744140625 53.2022705078125 61.05928802490234375 66.558441162109375 71.59917449951171875 76.68427276611328125 78.11859130859375 78.75174713134765625 74.8235015869140625 67.7626953125 51.642383575439453125 55.28516387939453125 62.826877593994140625 68.3367462158203125 67.5452880859375 64.01589202880859375 60.08292388916015625 56.4439239501953125 54.52179718017578125 50.120632171630859375 44.3134613037109375 38.911380767822265625 34.970279693603515625 30.889272689819335938 28.378902435302734375 26.977169036865234375 24.709991455078125 22.676410675048828125 21.7941436767578125 22.049020767211914063 21.324113845825195313 19.996145248413085938
21.397584915161132813 21.359464645385742188 22.876684188842773438 24.754041671752929688 27.542406082153320313 30.09844207763671875 32.4465484619140625 37.189205169677734375 42.3442230224609375 48.929569244384765625 56.955944061279296875 63.761196136474609375 69.77803802490234375 75.16131591796875 79.08408355712890625 80.03302764892578125 78.816680908203125 73.87865447998046875 63.362945556640625 49.54180145263671875 56.174427032470703125 60.078166961669921875 60.920810699462890625 62.942485809326171875 59.1479644775390625 55.5517730712890625 52.0072479248046875 50.502178192138671875 46.62554931640625 43.0733795166015625 37.961894989013671875 35.026580810546875 31.397645950317382813 28.835948944091796875 26.9389190673828125 25.845491409301757813 24.31974029541015625 23.262502670288085938 21.719011306762695313 20.562665939331054688 19.300252914428710938
