inst/extdata/ibe-ibr-demo/multi_surface/Results/err27.ffp.asc
ncols        358
nrows        426
xllcorner    683282.509631976951
yllcorner    4992832.770215390250
cellsize     30.000000000000
NODATA_value nan
[rows 252 to 269 of 426, columns 205 to 245 of 358]
31.785440444946289063 32.8946685791015625 32.744350433349609375 32.69181060791015625 33.191074371337890625 37.25531005859375 39.668857574462890625 42.468841552734375 42.41034698486328125 41.5139312744140625 39.832363128662109375 37.659358978271484375 36.7759246826171875 35.81793212890625 35.61969757080078125 38.39577484130859375 37.063312530517578125 32.148059844970703125 27.337015151977539063 24.74553680419921875 24.403738021850585938 24.172573089599609375 25.218404769897460938 25.483556747436523438 26.164630889892578125 27.794040679931640625 29.437564849853515625 30.891202926635742188 30.11237335205078125 29.82929229736328125 28.849855422973632813 26.53661346435546875 25.3008270263671875 25.663358688354492188 25.064115524291992188 26.165842056274414063 26.818866729736328125 27.6319732666015625 28.6218414306640625 29.820688247680664063 32.272552490234375
32.684322357177734375 33.073665618896484375 35.416614532470703125 31.566904067993164063 32.516857147216796875 35.737926483154296875 37.87404632568359375 39.959728240966796875 39.22986602783203125 38.251678466796875 37.074024200439453125 36.664707183837890625 35.29189300537109375 34.18129730224609375 34.030620574951171875 35.768939971923828125 36.53781890869140625 30.570652008056640625 27.630464553833007813 25.807394027709960938 24.47919464111328125 25.499300003051757813 25.582477569580078125 26.195270538330078125 27.758535385131835938 28.727329254150390625 30.279447555541992188 30.371541976928710938 30.97466278076171875 30.762420654296875 29.43727874755859375 28.3115386962890625 28.074647903442382813 28.04888153076171875 27.989503860473632813 26.674127578735351563 26.483470916748046875 28.088827133178710938 29.019495010375976563 31.478616714477539063 33.911693572998046875
28.743579864501953125 32.31911468505859375 34.19341278076171875 33.7494354248046875 32.15932464599609375 33.03237152099609375 34.99477386474609375 34.773670196533203125 36.130779266357421875 37.512256622314453125 36.167606353759765625 36.803867340087890625 34.73908233642578125 33.955699920654296875 33.78626251220703125 35.4727783203125 37.35555267333984375 30.66950225830078125 27.762371063232421875 26.070949554443359375 26.362911224365234375 26.278865814208984375 26.771457672119140625 27.0903778076171875 28.35553741455078125 29.454328536987304688 30.3866729736328125 31.59423828125 31.745044708251953125 30.496112823486328125 30.44142913818359375 30.21460723876953125 30.485185623168945313 30.512643814086914063 29.893009185791015625 29.212764739990234375 27.4508819580078125 29.176097869873046875 31.312923431396484375 34.214405059814453125 36.781890869140625
31.932909011840820313 35.403705596923828125 35.5547943115234375 34.89034271240234375 32.170337677001953125 31.133968353271484375 31.481218338012695313 32.973110198974609375 32.80074310302734375 34.15514373779296875 34.900455474853515625 33.955974578857421875 34.411754608154296875 34.097713470458984375 33.40228271484375 35.27913665771484375 37.52619171142578125 33.1180267333984375 28.7611541748046875 27.48974609375 27.32293701171875 28.096860885620117188 27.620019912719726563 27.15639495849609375 28.049592971801757813 29.71129608154296875 30.564786911010742188 30.850307464599609375 31.824766159057617188 31.525358200073242188 33.206478118896484375 32.736354827880859375 32.453197479248046875 32.469158172607421875 33.23365020751953125 32.071807861328125 30.12249755859375 30.8796844482421875 33.436504364013671875 36.39510345458984375 37.7001800537109375
33.33545684814453125 33.71942901611328125 36.762165069580078125 37.90947723388671875 35.785984039306640625 32.300685882568359375 31.457202911376953125 32.238910675048828125 31.8280487060546875 31.97132110595703125 31.078037261962890625 32.559726715087890625 32.03365325927734375 32.690338134765625 33.908954620361328125 35.326717376708984375 37.077728271484375 32.4687042236328125 30.847719192504882813 28.861009597778320313 28.177913665771484375 28.232997894287109375 27.29633331298828125 27.153150558471679688 27.600521087646484375 29.356115341186523438 29.592821121215820313 30.16693878173828125 32.058986663818359375 33.974575042724609375 34.611461639404296875 34.832126617431640625 35.341510772705078125 36.540679931640625 36.024051666259765625 34.446369171142578125 33.455265045166015625 32.865245819091796875 34.52039337158203125 37.494396209716796875 38.630962371826171875
32.984210968017578125 36.94854736328125 40.08136749267578125 39.5280914306640625 36.574573516845703125 33.38906097412109375 30.575298309326171875 29.605564117431640625 29.809869766235351563 29.887319564819335938 29.723653793334960938 28.98089599609375 29.68804931640625 30.63262939453125 32.33856964111328125 32.445423126220703125 34.535839080810546875 32.84629058837890625 29.492265701293945313 28.565214157104492188 27.438066482543945313 26.189487457275390625 26.004850387573242188 26.396282196044921875 27.327112197875976563 28.478046417236328125 29.538415908813476563 31.547937393188476563 33.6023406982421875 35.360340118408203125 36.23665618896484375 36.488834381103515625 37.903873443603515625 38.755901336669921875 39.0364227294921875 37.9208984375 35.877964019775390625 34.583850860595703125 36.362674713134765625 37.199665069580078125 38.908535003662109375
34.47428131103515625 38.568328857421875 39.02790069580078125 38.99640655517578125 38.544422149658203125 36.125164031982421875 33.462894439697265625 30.686998367309570313 28.392499923706054688 29.586088180541992188 29.755731582641601563 28.873088836669921875 28.018054962158203125 27.298702239990234375 29.274700164794921875 30.594919204711914063 34.020671844482421875 31.666210174560546875 28.926233291625976563 27.648777008056640625 26.854669570922851563 25.839994430541992188 25.4814910888671875 26.17916107177734375 27.00615692138671875 28.405572891235351563 30.567264556884765625 32.7414093017578125 34.621349334716796875 36.3516693115234375 37.13198089599609375 39.14496612548828125 39.263675689697265625 40.366069793701171875 41.31201934814453125 40.412418365478515625 39.150424957275390625 36.001209259033203125 35.193508148193359375 39.2109527587890625 40.219432830810546875
35.36060333251953125 37.349788665771484375 38.682193756103515625 40.489459991455078125 41.3225860595703125 39.688507080078125 36.8852691650390625 33.66475677490234375 30.758230209350585938 28.608867645263671875 26.74306488037109375 27.864206314086914063 27.5715484619140625 27.467700958251953125 26.952648162841796875 28.60773468017578125 32.42958831787109375 31.733366012573242188 28.877834320068359375 27.364503860473632813 26.121692657470703125 25.648040771484375 25.980327606201171875 26.299043655395507813 27.559579849243164063 29.5224761962890625 31.620916366577148438 33.481197357177734375 35.618610382080078125 36.037685394287109375 38.0630950927734375 39.58820343017578125 41.596538543701171875 41.740978240966796875 41.53631591796875 41.077236175537109375 39.5821075439453125 38.491764068603515625 38.875030517578125 41.136447906494140625 41.836627960205078125
30.996826171875 35.8675994873046875 40.108463287353515625 42.54874420166015625 42.824432373046875 42.66257476806640625 38.75457000732421875 34.669391632080078125 31.094755172729492188 28.809789657592773438 26.607557296752929688 24.094371795654296875 23.338602066040039063 22.226922988891601563 23.8427581787109375 25.99158477783203125 29.052141189575195313 30.583295822143554688 29.105630874633789063 27.0307159423828125 25.683267593383789063 26.722215652465820313 26.956548690795898438 26.778703689575195313 28.46269989013671875 30.441911697387695313 32.4241943359375 33.568851470947265625 34.412670135498046875 36.461071014404296875 38.56027984619140625 40.84757232666015625 42.84635162353515625 42.232173919677734375 41.724010467529296875 42.762115478515625 40.855846405029296875 41.383945465087890625 39.4739532470703125 40.031444549560546875 41.778835296630859375
27.245456695556640625 34.002262115478515625 40.131389617919921875 42.982982635498046875 44.763950347900390625 41.308292388916015625 39.61992645263671875 36.97931671142578125 34.48426055908203125 32.12990570068359375 29.765001296997070313 27.605297088623046875 25.638906478881835938 24.029575347900390625 23.299669265747070313 22.6829681396484375 25.129131317138671875 28.482648849487304688 28.016063690185546875 25.65006256103515625 25.11965179443359375 26.827531814575195313 26.71164703369140625 26.1788787841796875 27.7493896484375 29.219451904296875 31.573749542236328125 33.5191192626953125 35.0248260498046875 37.482097625732421875 39.076183319091796875 41.5571746826171875 42.51236724853515625 42.73085784912109375 43.844570159912109375 43.86627197265625 43.651737213134765625 43.9700927734375 42.082942962646484375 40.122806549072265625 43.0099639892578125
23.770044326782226563 31.121372222900390625 38.000972747802734375 42.79229736328125 41.793666839599609375 41.89037322998046875 40.198558807373046875 39.916400909423828125 38.3578033447265625 36.041477203369140625 33.798885345458984375 31.629110336303710938 30.005023956298828125 28.673669815063476563 26.869716644287109375 27.478799819946289063 27.6342926025390625 29.111978530883789063 27.131763458251953125 24.423196792602539063 24.319326400756835938 25.458709716796875 25.123552322387695313 25.540456771850585938 27.28961181640625 28.986349105834960938 31.69570159912109375 33.745697021484375 35.90975189208984375 38.313442230224609375 39.472949981689453125 41.208282470703125 42.376621246337890625 43.734905242919921875 45.3609619140625 45.55113983154296875 44.749774932861328125 44.6146087646484375 44.02848052978515625 42.270904541015625 40.735500335693359375
26.050844192504882813 27.465023040771484375 34.55782318115234375 37.082729339599609375 40.422649383544921875 40.915988922119140625 42.20523834228515625 41.469207763671875 40.50174713134765625 40.215389251708984375 36.900074005126953125 33.7628631591796875 32.217029571533203125 31.276212692260742188 31.255035400390625 30.850864410400390625 31.069149017333984375 31.500543594360351563 31.50734710693359375 27.738681793212890625 24.280040740966796875 25.742700576782226563 25.213060379028320313 26.061771392822265625 27.800149917602539063 29.450860977172851563 31.739080429077148438 33.64615631103515625 35.54679107666015625 38.023494720458984375 40.384105682373046875 40.21593475341796875 42.28508758544921875 45.632953643798828125 45.842624664306640625 44.96204376220703125 44.76788330078125 44.021575927734375 44.795135498046875 42.15688323974609375 39.951374053955078125
27.372737884521484375 29.324548721313476563 28.404356002807617188 30.773920059204101563 35.56827545166015625 40.678623199462890625 42.201374053955078125 42.289302825927734375 42.44969940185546875 39.27970123291015625 38.031932830810546875 37.8605499267578125 36.87265777587890625 36.568370819091796875 35.828708648681640625 33.815303802490234375 34.405731201171875 34.671596527099609375 34.244411468505859375 31.006898880004882813 28.279550552368164063 26.6304473876953125 25.08758544921875 25.253454208374023438 28.355123519897460938 29.921413421630859375 31.336742401123046875 33.779064178466796875 34.8008575439453125 36.775630950927734375 38.51633453369140625 39.884174346923828125 41.41867828369140625 44.899814605712890625 45.160312652587890625 44.121734619140625 44.2459869384765625 43.594173431396484375 42.839748382568359375 40.994289398193359375 36.499786376953125
28.147800445556640625 29.767162322998046875 28.9325103759765625 28.68724822998046875 31.029668807983398438 35.244319915771484375 38.76673126220703125 40.040424346923828125 39.577159881591796875 41.580707550048828125 41.731914520263671875 41.20948028564453125 40.164825439453125 38.1227264404296875 37.48871612548828125 36.884716033935546875 37.374568939208984375 36.646148681640625 37.636089324951171875 33.622043609619140625 28.70948028564453125 25.768140792846679688 25.663875579833984375 26.9815216064453125 28.510456085205078125 30.577301025390625 33.724521636962890625 36.3649139404296875 38.423854827880859375 39.661090850830078125 36.81421661376953125 37.502887725830078125 39.396984100341796875 42.606517791748046875 41.3548583984375 41.35623931884765625 41.6162567138671875 40.539752960205078125 40.534603118896484375 37.7053070068359375 33.4355316162109375
27.121042251586914063 27.873744964599609375 28.402873992919921875 29.928188323974609375 30.558286666870117188 30.857614517211914063 31.558099746704101563 33.503864288330078125 37.9681243896484375 41.9072418212890625 43.646427154541015625 42.522808074951171875 41.68813323974609375 40.606983184814453125 41.055572509765625 37.96155548095703125 37.978855133056640625 36.46343231201171875 34.535419464111328125 32.429256439208984375 28.151456832885742188 26.680822372436523438 27.57842254638671875 30.255319595336914063 32.2879180908203125 35.17243194580078125 37.054962158203125 39.06792449951171875 41.750030517578125 42.154560089111328125 38.504398345947265625 35.3966064453125 35.141399383544921875 39.744136810302734375 39.80356597900390625 39.479328155517578125 37.768768310546875 36.585231781005859375 36.170406341552734375 32.48841094970703125 28.158514022827148438
25.401056289672851563 26.6510772705078125 27.228137969970703125 29.757900238037109375 31.353521347045898438 32.648891448974609375 30.868167877197265625 30.348234176635742188 34.914215087890625 40.071269989013671875 42.806774139404296875 41.55800628662109375 42.25273895263671875 40.89373016357421875 40.589748382568359375 37.910610198974609375 36.221385955810546875 34.564243316650390625 35.429965972900390625 30.277280807495117188 29.00063323974609375 29.345468521118164063 31.906026840209960938 33.87774658203125 35.803924560546875 37.7181396484375 40.74847412109375 41.983097076416015625 45.584224700927734375 44.904155731201171875 38.945835113525390625 36.63103485107421875 35.091579437255859375 35.26279449462890625 34.445404052734375 34.246673583984375 32.39179229736328125 30.639638900756835938 28.1488189697265625 26.752122879028320313 28.882587432861328125
23.381916046142578125 24.738916397094726563 25.63018035888671875 28.338420867919921875 30.449474334716796875 32.1839447021484375 30.195138931274414063 31.224294662475585938 34.7441558837890625 38.33196258544921875 38.423946380615234375 39.887569427490234375 40.5245208740234375 39.08161163330078125 39.502170562744140625 35.9874114990234375 35.826702117919921875 35.68793487548828125 34.71108245849609375 31.918050765991210938 31.8302001953125 32.51078033447265625 35.692562103271484375 37.13648223876953125 38.722103118896484375 41.369792938232421875 43.23584747314453125 43.979640960693359375 46.328258514404296875 44.5499114990234375 39.2180328369140625 36.21124267578125 33.4836273193359375 32.185695648193359375 30.941701889038085938 28.275915145874023438 24.362474441528320313 25.016809463500976563 29.598962783813476563 32.81536102294921875 33.99411773681640625
20.825193405151367188 21.565977096557617188 23.143230438232421875 26.19298553466796875 28.64963531494140625 29.049022674560546875 29.679769515991210938 31.866720199584960938 33.376953125 35.592418670654296875 38.401638031005859375 41.08573150634765625 40.321414947509765625 40.229434967041015625 39.036342620849609375 38.13460540771484375 39.478298187255859375 37.32595062255859375 35.519622802734375 34.383266448974609375 35.250850677490234375 36.143993377685546875 39.62186431884765625 40.71335601806640625 41.8742218017578125 42.7411956787109375 45.157451629638671875 47.27967071533203125 48.168926239013671875 43.4179534912109375 36.98885345458984375 34.168254852294921875 31.490114212036132813 29.447580337524414063 28.310031890869140625 23.6273193359375 23.997514724731445313 30.498432159423828125 33.356781005859375 37.664081573486328125 34.434757232666015625
