inst/extdata/ibe-ibr-demo/multi_surface/Results/err27.ffp.asc
ncols        358
nrows        426
xllcorner    683282.509631976951
yllcorner    4992832.770215390250
cellsize     30.000000000000
NODATA_value nan
[rows 378 to 395 of 426, columns 123 to 163 of 358]
30.255708694458007813 32.868106842041015625 37.556957244873046875 34.722927093505859375 33.305637359619140625 30.182949066162109375 27.371442794799804688 25.838136672973632813 23.968664169311523438 24.913454055786132813 25.18294525146484375 24.51116180419921875 24.1421966552734375 23.103437423706054688 21.511196136474609375 20.77581024169921875 21.643337249755859375 20.029790878295898438 29.100719451904296875 41.184673309326171875 50.12762451171875 46.275600433349609375 40.685657501220703125 38.756938934326171875 40.647106170654296875 43.787158966064453125 46.287017822265625 48.42862701416015625 50.251194000244140625 52.033382415771484375 50.260120391845703125 46.84439849853515625 40.8194732666015625 35.447139739990234375 34.220470428466796875 33.21953582763671875 36.002910614013671875 36.60400390625 36.1667327880859375 35.513454437255859375 36.065654754638671875
25.106433868408203125 29.484493255615234375 30.338476181030273438 26.847578048706054688 26.292234420776367188 25.416830062866210938 23.283269882202148438 22.630664825439453125 21.649236679077148438 23.160997390747070313 22.597599029541015625 22.061634063720703125 21.152736663818359375 20.695531845092773438 20.092416763305664063 20.532215118408203125 18.938198089599609375 23.194955825805664063 31.579248428344726563 36.554538726806640625 44.149913787841796875 40.101284027099609375 36.673503875732421875 36.984279632568359375 39.692806243896484375 42.58165740966796875 46.2010345458984375 48.35791778564453125 49.384918212890625 48.489654541015625 46.03038787841796875 41.727054595947265625 36.51465606689453125 32.817935943603515625 30.321422576904296875 31.415243148803710938 32.74947357177734375 35.725582122802734375 38.3249664306640625 40.363384246826171875 39.18035125732421875
24.584093093872070313 26.372037887573242188 25.189176559448242188 22.822582244873046875 22.568979263305664063 22.377252578735351563 21.888116836547851563 22.02663421630859375 20.984540939331054688 20.851970672607421875 20.409694671630859375 20.005407333374023438 20.042245864868164063 19.898591995239257813 19.248470306396484375 18.962903976440429688 20.957437515258789063 28.105150222778320313 37.5864715576171875 40.5450439453125 39.749843597412109375 33.070831298828125 29.525875091552734375 34.167362213134765625 38.403224945068359375 42.051059722900390625 44.7302703857421875 45.198101043701171875 46.2180633544921875 43.9566497802734375 41.232326507568359375 36.42420196533203125 32.7259521484375 28.330595016479492188 28.850049972534179688 29.360177993774414063 30.666950225830078125 34.426570892333984375 36.290424346923828125 37.614543914794921875 38.89410400390625
28.744802474975585938 25.730970382690429688 24.815593719482421875 24.910184860229492188 24.852718353271484375 24.303401947021484375 23.398733139038085938 23.949100494384765625 23.139028549194335938 22.634557723999023438 22.168268203735351563 21.0413970947265625 19.64118194580078125 18.723592758178710938 19.106227874755859375 18.78530120849609375 26.025281906127929688 31.88552093505859375 40.634403228759765625 51.814006805419921875 44.95812225341796875 31.800243377685546875 27.586996078491210938 30.018032073974609375 32.64989471435546875 37.429767608642578125 38.937442779541015625 40.3216094970703125 38.131153106689453125 34.677516937255859375 32.102382659912109375 28.70580291748046875 25.986177444458007813 25.596048355102539063 25.445817947387695313 27.045511245727539063 27.975786209106445313 30.705547332763671875 33.2885589599609375 35.02581787109375 36.46307373046875
30.957891464233398438 29.45758056640625 28.5757293701171875 28.721860885620117188 28.420518875122070313 27.700090408325195313 26.734195709228515625 27.138946533203125 26.3897705078125 25.66593170166015625 24.985790252685546875 23.309112548828125 21.5578765869140625 20.024120330810546875 17.801443099975585938 23.086164474487304688 29.495126724243164063 35.8391265869140625 43.30675506591796875 57.258861541748046875 41.05828094482421875 32.666706085205078125 31.02431488037109375 32.828479766845703125 34.3633270263671875 36.177974700927734375 36.506031036376953125 35.75528717041015625 33.63260650634765625 31.1624755859375 29.854188919067382813 29.184709548950195313 26.36273193359375 23.138605117797851563 21.364231109619140625 22.870851516723632813 24.195629119873046875 27.068416595458984375 28.886201858520507813 30.268602371215820313 31.836544036865234375
31.805694580078125 31.796182632446289063 33.14681243896484375 33.043537139892578125 32.547847747802734375 31.608592987060546875 30.461231231689453125 30.930303573608398438 30.368618011474609375 29.294981002807617188 28.383619308471679688 26.504627227783203125 24.57076263427734375 21.350107192993164063 19.985897064208984375 25.152835845947265625 32.322147369384765625 39.582950592041015625 50.648345947265625 55.65930938720703125 46.4212493896484375 35.04276275634765625 32.11191558837890625 32.72788238525390625 34.11415863037109375 35.74800872802734375 34.402881622314453125 33.683124542236328125 31.167638778686523438 28.852802276611328125 28.018213272094726563 27.256864547729492188 28.954742431640625 27.616497039794921875 27.855587005615234375 26.329807281494140625 22.2845611572265625 22.729883193969726563 27.226293563842773438 29.637521743774414063 32.109569549560546875
38.417270660400390625 37.12961578369140625 36.006702423095703125 34.061279296875 33.4209442138671875 32.78554534912109375 33.08954620361328125 31.94277191162109375 33.18621826171875 31.171064376831054688 29.737752914428710938 28.7220916748046875 25.682031631469726563 22.274377822875976563 23.671154022216796875 28.61742401123046875 35.507976531982421875 44.517490386962890625 50.46736907958984375 55.657581329345703125 46.1637725830078125 33.210468292236328125 31.680505752563476563 32.059299468994140625 32.942905426025390625 34.230861663818359375 33.004756927490234375 31.080240249633789063 28.373920440673828125 26.6304473876953125 26.372953414916992188 26.569265365600585938 29.536317825317382813 32.11550140380859375 32.209346771240234375 30.348615646362304688 26.93640899658203125 24.631053924560546875 23.666229248046875 27.591413497924804688 30.806793212890625
46.133083343505859375 45.226078033447265625 42.75370025634765625 39.6325836181640625 37.675632476806640625 36.373050689697265625 35.537799835205078125 34.439113616943359375 33.824718475341796875 33.03560638427734375 30.003190994262695313 27.69396209716796875 26.911712646484375 25.924726486206054688 30.033113479614257813 31.7190399169921875 38.789371490478515625 47.694263458251953125 50.837398529052734375 57.17810821533203125 44.739063262939453125 34.191791534423828125 30.484485626220703125 30.651365280151367188 31.290437698364257813 31.824535369873046875 31.371761322021484375 29.796369552612304688 27.53110504150390625 26.112737655639648438 26.001066207885742188 26.29824066162109375 28.313123703002929688 32.53753662109375 33.958263397216796875 32.83286285400390625 30.674884796142578125 27.83782958984375 26.154451370239257813 24.581424713134765625 27.056728363037109375
51.61400604248046875 51.479030609130859375 48.555545806884765625 46.98917388916015625 43.142665863037109375 42.101451873779296875 41.15671539306640625 38.4028472900390625 37.5555267333984375 36.7684783935546875 34.897182464599609375 32.49771881103515625 30.252916336059570313 28.446014404296875 33.86516571044921875 37.50682830810546875 41.338531494140625 46.67385101318359375 50.96344757080078125 52.656581878662109375 46.428508758544921875 32.7315216064453125 28.870344161987304688 28.845281600952148438 29.311529159545898438 30.430948257446289063 28.50069427490234375 26.797693252563476563 25.335241317749023438 24.845485687255859375 25.503992080688476563 25.973569869995117188 28.153337478637695313 31.711153030395507813 34.474704742431640625 34.160259246826171875 32.875457763671875 30.311079025268554688 30.45001983642578125 27.9639892578125 25.68890380859375
50.302520751953125 50.267490386962890625 47.575763702392578125 46.66825103759765625 43.931396484375 42.762943267822265625 42.216106414794921875 40.534687042236328125 38.81394195556640625 37.831401824951171875 35.532794952392578125 34.40411376953125 33.3698577880859375 31.590984344482421875 33.914028167724609375 38.61356353759765625 43.6522674560546875 46.3037109375 49.814144134521484375 48.40023040771484375 44.872959136962890625 31.622247695922851563 27.24874114990234375 26.822149276733398438 27.136688232421875 28.288585662841796875 27.742776870727539063 26.731960296630859375 24.5917205810546875 23.129480361938476563 23.632413864135742188 24.652730941772460938 26.874664306640625 30.814954757690429688 33.22335052490234375 35.081939697265625 34.0983428955078125 33.201389312744140625 32.213672637939453125 29.915224075317382813 29.146371841430664063
45.5363311767578125 48.300457000732421875 50.854213714599609375 51.68199920654296875 50.725940704345703125 49.06261444091796875 47.406208038330078125 45.56597137451171875 43.9575042724609375 41.860164642333984375 39.630786895751953125 36.71521759033203125 34.119449615478515625 31.76314544677734375 37.468219757080078125 39.327545166015625 46.0609130859375 46.160762786865234375 44.220645904541015625 44.951141357421875 43.408557891845703125 32.76993560791015625 26.00278472900390625 24.559255599975585938 24.815343856811523438 25.925907135009765625 25.968427658081054688 24.756227493286132813 23.401491165161132813 21.971082687377929688 22.733829498291015625 24.12574005126953125 26.763162612915039063 29.123477935791015625 31.845745086669921875 34.123508453369140625 35.305828094482421875 35.65724945068359375 33.602359771728515625 33.2078704833984375 32.274570465087890625
46.378997802734375 51.506381988525390625 52.608612060546875 53.765743255615234375 54.50206756591796875 55.176548004150390625 53.977542877197265625 51.92507171630859375 50.412975311279296875 47.45397186279296875 44.556427001953125 39.814235687255859375 33.316394805908203125 35.194366455078125 37.167995452880859375 41.308307647705078125 44.76031494140625 45.392406463623046875 43.536106109619140625 41.155620574951171875 39.711086273193359375 34.98351287841796875 25.723577499389648438 22.44474029541015625 22.49668121337890625 23.531494140625 25.230350494384765625 23.89392852783203125 21.22849273681640625 19.938829421997070313 20.490741729736328125 22.739900588989257813 25.390964508056640625 28.322225570678710938 31.025569915771484375 33.95439910888671875 36.48180389404296875 36.491558074951171875 35.351406097412109375 34.95587921142578125 34.329784393310546875
47.42829132080078125 50.6731414794921875 54.3567962646484375 56.044651031494140625 57.413372039794921875 56.52721405029296875 55.7540435791015625 54.125278472900390625 51.254314422607421875 46.74129486083984375 41.74259185791015625 35.121028900146484375 35.242000579833984375 38.544147491455078125 37.82421875 40.457279205322265625 44.067089080810546875 46.0307159423828125 43.391231536865234375 38.868560791015625 38.04412078857421875 35.6656494140625 26.961986541748046875 22.033990859985351563 20.434551239013671875 21.367269515991210938 23.429897308349609375 23.280475616455078125 21.14798736572265625 20.213409423828125 20.875354766845703125 22.196676254272460938 23.8875274658203125 26.537899017333984375 29.721845626831054688 32.583339691162109375 36.66849517822265625 37.169147491455078125 35.639438629150390625 36.148250579833984375 35.767490386962890625
46.67906951904296875 52.102062225341796875 54.912677764892578125 57.00647735595703125 57.272674560546875 57.4180145263671875 57.81266021728515625 53.512493133544921875 50.684993743896484375 45.5714111328125 38.341983795166015625 38.898410797119140625 40.58472442626953125 41.837009429931640625 41.452388763427734375 41.89150238037109375 42.842060089111328125 45.334735870361328125 43.359954833984375 37.669414520263671875 36.6400604248046875 34.377803802490234375 29.416131973266601563 22.612743377685546875 19.510938644409179688 19.64775848388671875 21.610654830932617188 24.81324005126953125 20.030834197998046875 19.081348419189453125 19.8531036376953125 21.447061538696289063 23.717573165893554688 27.09969329833984375 30.544401168823242188 32.960437774658203125 36.226459503173828125 37.590900421142578125 37.575927734375 38.07566070556640625 38.788604736328125
45.43890380859375 49.930942535400390625 54.042743682861328125 57.679889678955078125 58.451900482177734375 60.485118865966796875 56.83982086181640625 55.21581268310546875 48.46262359619140625 44.7483367919921875 41.06304931640625 42.841888427734375 42.53600311279296875 45.74980926513671875 44.879306793212890625 43.835666656494140625 43.001125335693359375 46.097423553466796875 42.74279022216796875 38.341335296630859375 36.690776824951171875 33.81290435791015625 33.88899993896484375 25.137899398803710938 20.652143478393554688 19.228902816772460938 20.332441329956054688 22.211650848388671875 19.308223724365234375 18.372652053833007813 20.3871002197265625 21.939281463623046875 23.883869171142578125 26.8045806884765625 30.44156646728515625 33.792964935302734375 36.9847412109375 38.025360107421875 37.701549530029296875 39.085323333740234375 39.295032501220703125
41.296840667724609375 50.630870819091796875 54.667179107666015625 57.006275177001953125 56.511077880859375 54.27048492431640625 50.957965850830078125 49.62561798095703125 45.550159454345703125 38.284877777099609375 40.711048126220703125 44.089199066162109375 45.390918731689453125 48.01827239990234375 48.696628570556640625 47.3303070068359375 45.07503509521484375 46.573383331298828125 44.19246673583984375 38.86064910888671875 35.456920623779296875 32.36418914794921875 29.323385238647460938 30.823528289794921875 23.325183868408203125 21.067934036254882813 20.86887359619140625 19.207422256469726563 19.841279983520507813 18.968053817749023438 19.9272918701171875 21.713008880615234375 24.235857009887695313 27.774953842163085938 31.956668853759765625 34.211284637451171875 37.750003814697265625 38.021724700927734375 37.913387298583984375 39.9217681884765625 41.22806549072265625
39.256809234619140625 42.673969268798828125 48.43036651611328125 47.14394378662109375 47.5589599609375 45.343601226806640625 43.617488861083984375 40.45257568359375 38.629924774169921875 39.388271331787109375 41.233196258544921875 41.51921844482421875 44.1224365234375 47.912784576416015625 52.635280609130859375 49.812091827392578125 47.6595916748046875 46.929866790771484375 44.95471954345703125 39.934040069580078125 33.44211578369140625 30.034044265747070313 27.8196563720703125 27.703197479248046875 30.009613037109375 24.967687606811523438 21.834529876708984375 18.574968338012695313 17.68100738525390625 17.063035964965820313 17.864080429077148438 20.510934829711914063 23.270196914672851563 27.352869033813476563 30.830493927001953125 34.873294830322265625 38.55535125732421875 39.635242462158203125 39.588043212890625 40.547145843505859375 41.074291229248046875
41.62090301513671875 43.184741973876953125 35.7560577392578125 34.4027252197265625 37.571048736572265625 31.177486419677734375 31.52703094482421875 33.607837677001953125 40.778347015380859375 42.17571258544921875 44.130054473876953125 47.44220733642578125 48.79111480712890625 49.037384033203125 48.095783233642578125 50.9882965087890625 49.783046722412109375 48.5645904541015625 45.0639801025390625 39.125560760498046875 33.207050323486328125 28.313264846801757813 25.794210433959960938 25.620779037475585938 27.591745376586914063 22.683774948120117188 18.694339752197265625 17.010406494140625 17.168046951293945313 16.884515762329101563 17.450914382934570313 19.33852386474609375 22.330705642700195313 26.291934967041015625 29.669153213500976563 33.44775390625 36.52349090576171875 37.957866668701171875 40.29401397705078125 40.963016510009765625 41.639739990234375
