data-raw/generated/ibe-ibr-demo/multi_surface/Results/err27.ffp.asc
ncols        358
nrows        426
xllcorner    683282.509631976951
yllcorner    4992832.770215390250
cellsize     30.000000000000
NODATA_value nan
[rows 378 to 395 of 426, columns 0 to 39 of 358]
4.7110805511474609375 4.6421108245849609375 4.630878448486328125 4.7074146270751953125 4.6436524391174316406 4.2394852638244628906 4.0182695388793945313 4.2684378623962402344 5.1597156524658203125 5.4006218910217285156 5.3327112197875976563 5.2409734725952148438 4.9908933639526367188 4.960842132568359375 4.6660852432250976563 4.5592865943908691406 4.2787332534790039063 4.0288519859313964844 3.6651575565338134766 3.5328478813171386719 3.3019042015075683594 3.1710944175720214844 3.2201154232025146484 3.2846817970275878906 2.8549768924713134766 2.4783122539520263672 2.19077301025390625 1.9920045137405395508 1.9019707441329956055 1.886460423469543457 2.0872662067413330078 2.2638413906097412109 2.3786978721618652344 2.3060920238494873047 2.3188130855560302734 2.3044352531433105469 2.4385764598846435547 2.416351318359375 2.5408189296722412109 2.4964926242828369141
4.67769622802734375 4.4419255256652832031 4.4672827720642089844 4.48674774169921875 4.3643660545349121094 4.25682830810546875 3.9039320945739746094 3.5984623432159423828 5.0563411712646484375 5.3488888740539550781 5.3513474464416503906 5.3724493980407714844 5.3360314369201660156 5.1501746177673339844 4.9783835411071777344 4.7500863075256347656 4.441371917724609375 4.0505723953247070313 3.7336611747741699219 3.5900349617004394531 3.3020949363708496094 3.1370484828948974609 3.1071920394897460938 3.0540499687194824219 3.1288461685180664063 2.8543388843536376953 2.5265300273895263672 2.1486632823944091797 2.0484569072723388672 2.0852100849151611328 2.2853953838348388672 2.4365737438201904297 2.5710976123809814453 2.4929766654968261719 2.3453943729400634766 2.4376246929168701172 2.4843802452087402344 2.4940302371978759766 2.4842691421508789063 2.45858001708984375
4.4217128753662109375 4.1989650726318359375 4.054412841796875 4.0602560043334960938 4.2057657241821289063 4.1672067642211914063 4.0144019126892089844 3.5104472637176513672 4.29734039306640625 4.9273428916931152344 5.3282761573791503906 5.518360137939453125 5.3781151771545410156 5.2396569252014160156 5.2256422042846679688 4.9035186767578125 4.5748958587646484375 4.2120842933654785156 3.922882080078125 3.6470735073089599609 3.3707914352416992188 3.1609942913055419922 3.0437719821929931641 3.0882747173309326172 2.9602832794189453125 2.8801281452178955078 2.7434647083282470703 2.5783107280731201172 2.3725664615631103516 2.4708979129791259766 2.6439995765686035156 2.7663831710815429688 2.7584583759307861328 2.7757117748260498047 2.7311620712280273438 2.7043132781982421875 2.6765127182006835938 2.6494295597076416016 2.513408660888671875 2.5415310859680175781
4.2225193977355957031 3.8532772064208984375 3.8550319671630859375 3.8499011993408203125 3.9649090766906738281 4.0949010848999023438 4.1701250076293945313 3.9055876731872558594 4.2545132637023925781 5.0162720680236816406 5.2580704689025878906 5.3555369377136230469 5.5620961189270019531 5.5994873046875 5.5486655235290527344 5.2156476974487304688 4.8465108871459960938 4.3701891899108886719 4.144138336181640625 3.8015954494476318359 3.5082621574401855469 3.3099329471588134766 3.2033162117004394531 3.126041412353515625 3.0971598625183105469 2.8395700454711914063 2.709415435791015625 2.6339895725250244141 2.7438945770263671875 3.1723315715789794922 3.2930798530578613281 3.2588593959808349609 3.1920955181121826172 3.0753221511840820313 3.1284096240997314453 3.0946784019470214844 2.9438960552215576172 2.8694434165954589844 2.6786296367645263672 2.7355182170867919922
4.0032806396484375 3.7240436077117919922 3.4743664264678955078 3.4651088714599609375 3.5726897716522216797 3.7425754070281982422 3.9120740890502929688 3.9736952781677246094 3.6673827171325683594 4.6960129737854003906 5.1918010711669921875 5.5524005889892578125 5.85980224609375 5.89487457275390625 5.8186507225036621094 5.4520287513732910156 5.06368255615234375 4.685230255126953125 4.3700046539306640625 4.0360198020935058594 3.6599357128143310547 3.4336781501770019531 3.5113167762756347656 3.4481570720672607422 3.26318359375 3.005619049072265625 2.7637336254119873047 2.6561727523803710938 2.6228413581848144531 2.8907036781311035156 3.1174197196960449219 3.0983388423919677734 3.2058386802673339844 3.4504561424255371094 3.5207321643829345703 3.5354123115539550781 3.3048858642578125 3.1510267257690429688 2.9607777595520019531 2.9590597152709960938
3.8608980178833007813 3.5185599327087402344 3.3611969947814941406 3.3910038471221923828 3.3749001026153564453 3.5710494518280029297 3.5971972942352294922 3.9708678722381591797 3.8443977832794189453 4.6933879852294921875 5.2977519035339355469 5.5605001449584960938 5.9900946617126464844 6.0136051177978515625 5.9808149337768554688 5.7231922149658203125 5.3052639961242675781 5.01873016357421875 4.6227469444274902344 4.3081746101379394531 3.9148712158203125 3.6814157962799072266 3.7690184116363525391 3.6789288520812988281 3.4774200916290283203 3.1963562965393066406 2.9657268524169921875 2.8166177272796630859 2.7000231742858886719 2.9256789684295654297 3.2600667476654052734 3.1388375759124755859 3.2799973487854003906 3.332767486572265625 3.5989539623260498047 3.6975216865539550781 3.8381717205047607422 3.6445953845977783203 3.3341355323791503906 3.1285364627838134766
3.5367386341094970703 3.3033816814422607422 3.17089080810546875 3.1108369827270507813 3.1749424934387207031 3.3583226203918457031 3.5130848884582519531 3.8102936744689941406 3.9961097240447998047 3.9769253730773925781 4.9278326034545898438 5.5324125289916992188 5.8235492706298828125 5.9536256790161132813 6.1253757476806640625 5.929962158203125 5.6448035240173339844 5.3407282829284667969 4.9631404876708984375 4.5391950607299804688 4.3054900169372558594 4.1253681182861328125 4.0189070701599121094 4.0868620872497558594 3.8326168060302734375 3.5559322834014892578 3.3081493377685546875 3.0775456428527832031 2.9383263587951660156 3.0011866092681884766 3.4084887504577636719 3.2758708000183105469 3.2269618511199951172 3.3780517578125 3.6455190181732177734 3.7043795585632324219 3.5998842716217041016 3.5767168998718261719 3.6274533271789550781 3.8077921867370605469
3.4064104557037353516 3.0515811443328857422 2.8950002193450927734 2.9297621250152587891 2.9926536083221435547 3.1912207603454589844 3.3239514827728271484 3.6661543846130371094 3.8855288028717041016 3.7804090976715087891 4.3130164146423339844 4.9845280647277832031 5.5316863059997558594 5.9873280525207519531 6.1819334030151367188 6.1998653411865234375 5.9025697708129882813 5.5942225456237792969 5.2324872016906738281 4.92568206787109375 4.7343192100524902344 4.6905946731567382813 4.461151123046875 4.3007564544677734375 4.2683482170104980469 3.9915633201599121094 3.7838547229766845703 3.5004003047943115234 3.4252610206604003906 3.4122576713562011719 3.6061756610870361328 3.5501329898834228516 3.4940459728240966797 3.4827096462249755859 3.65406036376953125 3.75202178955078125 3.6129400730133056641 3.4540700912475585938 3.4364144802093505859 3.6043593883514404297
2.8626821041107177734 3.0468895435333251953 2.7816395759582519531 2.7193057537078857422 2.7763519287109375 2.9468693733215332031 3.1411986351013183594 3.4293537139892578125 3.6180539131164550781 3.7438578605651855469 3.4762585163116455078 4.4576954841613769531 5.23319244384765625 5.5476851463317871094 6.0349745750427246094 6.2418141365051269531 6.1251096725463867188 5.8777394294738769531 5.5632700920104980469 5.3407502174377441406 5.2334523200988769531 5.0403628349304199219 4.9717473983764648438 4.7293577194213867188 4.5651326179504394531 4.4509091377258300781 4.3030896186828613281 4.0070476531982421875 4.0091013908386230469 3.9722986221313476563 3.8016054630279541016 3.7677259445190429688 3.7206451892852783203 3.7581713199615478516 3.7649543285369873047 3.7598907947540283203 3.6695120334625244141 3.4251244068145751953 3.3712570667266845703 3.50806427001953125
2.4660210609436035156 3.0009465217590332031 2.7930076122283935547 2.7195813655853271484 2.7524282932281494141 2.9311497211456298828 3.050624847412109375 3.3538010120391845703 3.6392922401428222656 3.8207807540893554688 3.8912689685821533203 3.6975450515747070313 4.3599147796630859375 5.1980137825012207031 5.6963934898376464844 6.1711130142211914063 6.2879672050476074219 6.0732636451721191406 5.8945775032043457031 5.8463182449340820313 5.667919158935546875 5.4605994224548339844 5.3960504531860351563 5.2695927619934082031 5.0415081977844238281 4.7550449371337890625 4.5348544120788574219 4.2470231056213378906 4.1322598457336425781 4.2836632728576660156 4.1328473091125488281 3.9233376979827880859 3.9032266139984130859 3.9629755020141601563 3.9594707489013671875 3.8789556026458740234 3.6971552371978759766 3.4760451316833496094 3.3619821071624755859 3.4755947589874267578
2.2835536003112792969 2.8677911758422851563 2.8132150173187255859 2.6231088638305664063 2.6128094196319580078 2.7295298576354980469 2.9329946041107177734 3.082828521728515625 3.3889012336730957031 3.6105809211730957031 3.8710401058197021484 3.9309053421020507813 3.7505326271057128906 4.395946502685546875 4.9497404098510742188 5.6808600425720214844 6.2243776321411132813 6.2590880393981933594 6.2013669013977050781 6.0892233848571777344 6.0654997825622558594 5.92404937744140625 5.8222370147705078125 5.6731123924255371094 5.4650859832763671875 5.1880159378051757813 4.8653035163879394531 4.6870946884155273438 4.6499733924865722656 4.6021852493286132813 4.4163680076599121094 4.1289629936218261719 3.9205141067504882813 4.01093292236328125 4.09136962890625 4.0349912643432617188 3.842197418212890625 3.6610188484191894531 3.5580759048461914063 3.5466663837432861328
2.4006814956665039063 2.6964666843414306641 2.7617526054382324219 2.6455478668212890625 2.5587034225463867188 2.64846038818359375 2.8310906887054443359 2.9410495758056640625 3.2571535110473632813 3.4710612297058105469 3.6822159290313720703 3.8256638050079345703 3.8707671165466308594 3.5050902366638183594 4.3579893112182617188 4.9899716377258300781 5.67256927490234375 6.1434717178344726563 6.2516922950744628906 6.3113102912902832031 6.4277553558349609375 6.3720011711120605469 6.2148489952087402344 6.0070848464965820313 5.7969632148742675781 5.3735260963439941406 5.1270489692687988281 4.8686060905456542969 4.8008604049682617188 4.851184844970703125 4.5516290664672851563 4.1924505233764648438 3.9312572479248046875 4.0044431686401367188 4.1092100143432617188 4.2263898849487304688 4.0293030738830566406 3.8095052242279052734 3.5667169094085693359 3.6334328651428222656
2.3409669399261474609 2.6944677829742431641 2.8647255897521972656 2.6714386940002441406 2.5663692951202392578 2.5380861759185791016 2.6557657718658447266 2.8055512905120849609 3.0296232700347900391 3.2075419425964355469 3.3492827415466308594 3.5378549098968505859 3.7077956199645996094 3.5679156780242919922 3.2506353855133056641 3.8550958633422851563 4.5950288772583007813 5.3974852561950683594 5.9615883827209472656 6.3410825729370117188 6.5508522987365722656 6.5975661277770996094 6.4822030067443847656 6.3726072311401367188 6.0421376228332519531 5.5950078964233398438 5.3435115814208984375 4.978099822998046875 5.04660797119140625 4.935516357421875 4.5842423439025878906 4.2087969779968261719 3.9192144870758056641 3.8973941802978515625 3.9860486984252929688 4.206066131591796875 4.1912283897399902344 4.0327162742614746094 3.8248829841613769531 3.8679459095001220703
2.4296438694000244141 2.7158174514770507813 2.9855840206146240234 2.8223054409027099609 2.7037093639373779297 2.6117851734161376953 2.65895843505859375 2.7507104873657226563 2.8736276626586914063 3.1460986137390136719 3.2782599925994873047 3.43810272216796875 3.5219945907592773438 3.6002023220062255859 3.1042535305023193359 2.9848825931549072266 3.5624983310699462891 4.12529754638671875 5.12540435791015625 5.9033989906311035156 6.3334026336669921875 6.4100561141967773438 6.3525876998901367188 6.1849155426025390625 5.9281992912292480469 5.4921898841857910156 5.2763690948486328125 4.983333587646484375 4.9592695236206054688 4.7781567573547363281 4.3655495643615722656 4.0765008926391601563 3.6815402507781982422 3.7479534149169921875 3.8255760669708251953 3.9547586441040039063 4.0976400375366210938 4.1358046531677246094 3.9010841846466064453 3.8886120319366455078
2.1955404281616210938 2.3812181949615478516 2.4981441497802734375 2.5305325984954833984 2.6254017353057861328 2.7473835945129394531 2.6667296886444091797 2.7311344146728515625 2.8158051967620849609 2.9930963516235351563 3.0979795455932617188 3.1580076217651367188 3.2538111209869384766 3.4421312808990478516 3.5360682010650634766 2.4730737209320068359 2.5475418567657470703 3.1878905296325683594 3.9693977832794189453 4.5928578376770019531 5.2780566215515136719 5.6501536369323730469 5.7000737190246582031 5.4595899581909179688 5.1778769493103027344 4.8878149986267089844 4.6314973831176757813 4.3877577781677246094 4.9200563430786132813 4.8570036888122558594 4.5403866767883300781 4.1477942466735839844 3.6346459388732910156 3.4628438949584960938 3.4285044670104980469 3.5777034759521484375 3.874874114990234375 4.0642113685607910156 4.0046720504760742188 4.0815982818603515625
2.0385589599609375 2.0258302688598632813 2.1282873153686523438 2.2216107845306396484 2.3173868656158447266 2.5072510242462158203 2.8295350074768066406 2.8880355358123779297 2.8700010776519775391 2.9152545928955078125 3.1068232059478759766 3.1460113525390625 3.2376763820648193359 3.2900478839874267578 3.3762326240539550781 2.7252571582794189453 2.5028250217437744141 2.5735297203063964844 3.1686141490936279297 3.9032795429229736328 4.4050278663635253906 4.6780962944030761719 4.6940855979919433594 4.6228122711181640625 4.3852190971374511719 4.5140767097473144531 4.6544589996337890625 4.8019571304321289063 5.2944087982177734375 5.3845744132995605469 4.9430017471313476563 4.5240864753723144531 3.7841362953186035156 3.1001508235931396484 3.0628097057342529297 3.0977940559387207031 3.4786348342895507813 3.7447085380554199219 3.9928188323974609375 4.07511138916015625
2.0045578479766845703 1.9303083419799804688 1.9198455810546875 2.0008652210235595703 2.0763731002807617188 2.1650273799896240234 2.3821191787719726563 2.7521929740905761719 2.9786639213562011719 2.9620218276977539063 3.0163969993591308594 3.03166961669921875 3.0208165645599365234 3.0696389675140380859 3.1749722957611083984 3.0171265602111816406 3.0360431671142578125 3.0646696090698242188 2.7796626091003417969 2.8358402252197265625 3.4705328941345214844 3.7504339218139648438 3.9779524803161621094 4.5105123519897460938 4.57727813720703125 4.6850876808166503906 5.0321507453918457031 5.4947938919067382813 5.7342658042907714844 5.6294741630554199219 5.2517862319946289063 4.4990558624267578125 3.7521393299102783203 3.1018064022064208984 2.5035798549652099609 2.4703822135925292969 2.6807436943054199219 2.9649984836578369141 3.3288815021514892578 3.7717468738555908203
2.0781900882720947266 1.9786673784255981445 1.8992340564727783203 1.8509926795959472656 1.9150853157043457031 2.0250813961029052734 2.1838819980621337891 2.3839728832244873047 2.7906699180603027344 3.1458368301391601563 2.9356005191802978516 3.1032764911651611328 3.0758507251739501953 3.1442749500274658203 3.4285426139831542969 3.3732593059539794922 3.3470087051391601563 3.4755315780639648438 3.3214182853698730469 2.9630024433135986328 3.2922544479370117188 3.7110431194305419922 4.1317305564880371094 4.3815665245056152344 4.8025217056274414063 5.1307263374328613281 5.4371104240417480469 5.8839573860168457031 6.0269980430603027344 5.831752777099609375 5.1803278923034667969 4.360530853271484375 3.6089956760406494141 2.9524731636047363281 2.3951890468597412109 2.2100825309753417969 2.2542247772216796875 2.5257370471954345703 2.8961758613586425781 3.3320870399475097656
