data-raw/generated/ibe-ibr-demo/multi_surface/Results/err27.ffp.asc
ncols        358
nrows        426
xllcorner    683282.509631976951
yllcorner    4992832.770215390250
cellsize     30.000000000000
NODATA_value nan
[rows 198 to 215 of 426, columns 120 to 159 of 358]
5.032806396484375 5.2823500633239746094 5.9393639564514160156 6.71695709228515625 7.2413482666015625 7.61974334716796875 7.6463422775268554688 7.2537260055541992188 6.9426741600036621094 6.7218356132507324219 6.5965237617492675781 6.328037261962890625 6.1984586715698242188 5.8977408409118652344 5.6260809898376464844 5.3158416748046875 5.1117663383483886719 4.9556035995483398438 4.8387317657470703125 4.6868619918823242188 4.4773859977722167969 4.2932744026184082031 3.9955291748046875 3.6996657848358154297 3.4714343547821044922 3.3619771003723144531 3.2371220588684082031 3.143566131591796875 3.1011800765991210938 3.1664714813232421875 3.3991892337799072266 3.765361785888671875 4.1986222267150878906 4.6059017181396484375 4.5971684455871582031 4.2683520317077636719 3.8553664684295654297 3.5305500030517578125 3.5968406200408935547 4.1952066421508789063
4.6448469161987304688 5.0198798179626464844 5.6246027946472167969 6.3575749397277832031 6.9567670822143554688 7.5496640205383300781 7.1534862518310546875 6.9990873336791992188 6.6537990570068359375 6.4314694404602050781 6.198970794677734375 5.9541230201721191406 5.6469669342041015625 5.3925161361694335938 5.0676851272583007813 4.8564538955688476563 4.6472568511962890625 4.4365420341491699219 4.2573122978210449219 4.2153248786926269531 4.0614137649536132813 3.8902909755706787109 3.7054362297058105469 3.5758712291717529297 3.484588623046875 3.2769863605499267578 3.1824979782104492188 3.1043260097503662109 3.1490602493286132813 3.2629637718200683594 3.4400131702423095703 3.7406365871429443359 4.1017537117004394531 4.7903347015380859375 4.5766425132751464844 4.2179164886474609375 3.9451224803924560547 3.66399383544921875 3.8910195827484130859 4.384716033935546875
4.8154177665710449219 4.7667870521545410156 5.4275841712951660156 6.0524110794067382813 6.5045566558837890625 6.993427276611328125 6.7477874755859375 6.3776993751525878906 6.11927032470703125 5.9320368766784667969 5.746036529541015625 5.4815359115600585938 5.1477885246276855469 4.916332244873046875 4.6636452674865722656 4.3539438247680664063 4.1292481422424316406 3.9227683544158935547 3.8116931915283203125 3.72454071044921875 3.7096474170684814453 3.6536188125610351563 3.5560946464538574219 3.4197854995727539063 3.2981686592102050781 3.3178870677947998047 3.2403752803802490234 3.2050879001617431641 3.2432863712310791016 3.3311688899993896484 3.5268793106079101563 3.8364443778991699219 4.2554216384887695313 4.7065420150756835938 4.634937286376953125 4.4711537361145019531 4.1238970756530761719 3.8079640865325927734 4.0129418373107910156 4.4814486503601074219
4.6451463699340820313 4.7099947929382324219 5.1965360641479492188 5.6522836685180664063 6.1738972663879394531 6.4625186920166015625 6.2483205795288085938 5.8862709999084472656 5.697906494140625 5.550640106201171875 5.3678784370422363281 5.1080069541931152344 4.8627481460571289063 4.5124459266662597656 4.1776561737060546875 3.8712706565856933594 3.6527659893035888672 3.5313010215759277344 3.4327006340026855469 3.3152186870574951172 3.3557620048522949219 3.3414745330810546875 3.3202509880065917969 3.315532684326171875 3.3223834037780761719 3.2939982414245605469 3.2917962074279785156 3.2534689903259277344 3.3945746421813964844 3.5300672054290771484 3.8146777153015136719 4.0676159858703613281 4.7351756095886230469 4.7843012809753417969 4.7214703559875488281 4.7097249031066894531 4.3370299339294433594 4.0213608741760253906 4.4541630744934082031 4.8872694969177246094
4.5739026069641113281 4.4867873191833496094 4.8272767066955566406 5.221393585205078125 5.7080645561218261719 5.8818335533142089844 5.9425840377807617188 5.6780724525451660156 5.48553466796875 5.4252543449401855469 5.1872735023498535156 4.9191594123840332031 4.4886455535888671875 4.1120190620422363281 3.8454341888427734375 3.6675326824188232422 3.4927315711975097656 3.3736538887023925781 3.2468037605285644531 3.1712422370910644531 3.0988662242889404297 3.1424388885498046875 3.1995842456817626953 3.2324466705322265625 3.2980687618255615234 3.2941319942474365234 3.3556952476501464844 3.5744497776031494141 3.5828123092651367188 3.8464913368225097656 4.1472802162170410156 4.6197795867919921875 4.6002955436706542969 4.6045484542846679688 4.7435407638549804688 4.8640227317810058594 4.5935845375061035156 4.4334721565246582031 4.7668857574462890625 5.3410725593566894531
4.1282258033752441406 4.0319504737854003906 4.4920859336853027344 4.8530201911926269531 5.2322878837585449219 5.3756723403930664063 5.3134975433349609375 5.395355224609375 5.4548020362854003906 5.2997226715087890625 5.0356402397155761719 4.6047344207763671875 4.2667031288146972656 4.013950347900390625 3.7519793510437011719 3.4960284233093261719 3.3084981441497802734 3.1787881851196289063 3.0999979972839355469 3.0709543228149414063 3.0973541736602783203 3.1067538261413574219 3.128082275390625 3.1752879619598388672 3.2966325283050537109 3.5005228519439697266 3.6161403656005859375 3.8163950443267822266 4.0299167633056640625 4.2716889381408691406 4.5127482414245605469 4.3170304298400878906 4.3292322158813476563 4.4920458793640136719 4.6846446990966796875 4.83386993408203125 4.5551462173461914063 4.5637044906616210938 5.0078420639038085938 5.6557822227478027344
4.1558856964111328125 4.17437744140625 4.2371630668640136719 4.3810839653015136719 4.6918964385986328125 4.8090467453002929688 4.8476762771606445313 4.9730486869812011719 5.0853724479675292969 5.1121234893798828125 4.9050669670104980469 4.4934930801391601563 4.2455677986145019531 3.8286609649658203125 3.506458282470703125 3.2552561759948730469 3.1043643951416015625 2.9906911849975585938 2.8944747447967529297 2.8537354469299316406 2.8909859657287597656 3.0589091777801513672 3.2171840667724609375 3.3580341339111328125 3.4053852558135986328 3.6882920265197753906 3.9458179473876953125 4.2143125534057617188 4.5503320693969726563 4.4589662551879882813 4.2897839546203613281 4.3281908035278320313 4.2324624061584472656 4.4349846839904785156 4.6279215812683105469 4.7684345245361328125 4.6414155960083007813 4.5026211738586425781 4.8032174110412597656 5.4368739128112792969
4.2000360488891601563 4.1879930496215820313 4.2171254158020019531 4.4983592033386230469 4.5930643081665039063 4.7111368179321289063 4.7164168357849121094 4.7198286056518554688 4.7572383880615234375 4.6803197860717773438 4.5370278358459472656 4.3175649642944335938 4.0809407234191894531 3.8509204387664794922 3.4842741489410400391 3.2199070453643798828 2.9934332370758056641 2.8186826705932617188 2.7279753684997558594 2.7217085361480712891 2.8235344886779785156 3.0264029502868652344 3.2990972995758056641 3.5773487091064453125 3.7022881507873535156 4.0727367401123046875 4.4543480873107910156 4.5723719596862792969 4.5639276504516601563 4.280303955078125 4.260051727294921875 4.2460050582885742188 4.3665380477905273438 4.5150418281555175781 4.777790069580078125 5.0120854377746582031 4.7908387184143066406 4.4546914100646972656 4.857574462890625 5.4010510444641113281
4.2849607467651367188 4.3263888359069824219 4.3619298934936523438 4.6375837326049804688 4.68175506591796875 4.6886763572692871094 4.7622728347778320313 4.6170482635498046875 4.4483628273010253906 4.4170403480529785156 4.1493921279907226563 3.8467984199523925781 3.6219894886016845703 3.3906095027923583984 3.2230918407440185547 3.0731737613677978516 2.9086213111877441406 2.7750895023345947266 2.6541581153869628906 2.7396249771118164063 2.8950626850128173828 3.0806698799133300781 3.3417840003967285156 3.7471318244934082031 4.2790246009826660156 4.5210237503051757813 4.5457019805908203125 4.38881683349609375 4.3027133941650390625 4.2037401199340820313 4.2793803215026855469 4.38314056396484375 4.5287752151489257813 4.7674574851989746094 5.0528368949890136719 5.1420726776123046875 4.8701162338256835938 4.3827233314514160156 4.6931090354919433594 5.2125186920166015625
4.5036678314208984375 4.440765380859375 4.6989088058471679688 4.7843475341796875 4.83383941650390625 4.8098649978637695313 4.7170438766479492188 4.5384287834167480469 4.2847585678100585938 4.226512908935546875 3.8402316570281982422 3.5396068096160888672 3.26090240478515625 3.0394454002380371094 2.9042825698852539063 2.9129009246826171875 2.9195535182952880859 2.8762445449829101563 2.7990286350250244141 2.8286161422729492188 3.0040025711059570313 3.2332067489624023438 3.6150319576263427734 4.1673035621643066406 4.7448682785034179688 4.722320556640625 4.5314741134643554688 4.3795423507690429688 4.3575792312622070313 4.2147917747497558594 4.2858057022094726563 4.6209387779235839844 4.7026357650756835938 5.0095033645629882813 5.341754913330078125 5.2103962898254394531 4.8611683845520019531 4.4769496917724609375 4.9072065353393554688 5.2125768661499023438
4.7566213607788085938 4.8413710594177246094 4.9579839706420898438 4.9777894020080566406 5.0058169364929199219 4.9684972763061523438 4.7964344024658203125 4.5203051567077636719 4.4381995201110839844 4.00731658935546875 3.6709723472595214844 3.3124699592590332031 3.0291085243225097656 2.8101336956024169922 2.7308065891265869141 2.6959290504455566406 2.7547557353973388672 3.0309319496154785156 3.0612897872924804688 3.1107327938079833984 3.3349359035491943359 3.5700178146362304688 4.0734066963195800781 4.3537507057189941406 4.5409822463989257813 4.6560106277465820313 4.4205694198608398438 4.2844128608703613281 4.1985273361206054688 4.2417039871215820313 4.4936404228210449219 4.7532367706298828125 4.9264941215515136719 5.35828399658203125 5.6955900192260742188 5.4421877861022949219 5.0455031394958496094 4.7193751335144042969 5.2178888320922851563 5.7228360176086425781
5.250408172607421875 5.4067635536193847656 5.3514795303344726563 5.2407770156860351563 5.2355890274047851563 5.073177337646484375 4.8435840606689453125 4.6388792991638183594 4.4008340835571289063 3.9525430202484130859 3.5238254070281982422 3.1924595832824707031 2.8832175731658935547 2.6745247840881347656 2.5846345424652099609 2.533222198486328125 2.5859241485595703125 3.0073435306549072266 3.6359837055206298828 3.5404148101806640625 3.5659482479095458984 3.5919048786163330078 3.8675987720489501953 4.19841766357421875 4.3666834831237792969 4.609760284423828125 4.2828168869018554688 4.1563768386840820313 4.22863006591796875 4.3657140731811523438 4.5259714126586914063 4.8958225250244140625 5.309040069580078125 5.7710070610046386719 5.7960939407348632813 5.663639068603515625 5.0728907585144042969 5.1831555366516113281 5.7233304977416992188 6.2712116241455078125
5.2381944656372070313 5.5557832717895507813 5.6805148124694824219 5.6362023353576660156 5.5830140113830566406 5.3363389968872070313 5.028839111328125 4.7676577568054199219 4.4386882781982421875 3.9271996021270751953 3.4984905719757080078 3.118839263916015625 2.8487143516540527344 2.5994088649749755859 2.4910423755645751953 2.4838654994964599609 2.5595123767852783203 3.00247955322265625 3.5001363754272460938 3.304042816162109375 3.3429718017578125 3.4050617218017578125 3.7160727977752685547 4.0024847984313964844 4.286678314208984375 4.7391209602355957031 4.552661895751953125 4.1199154853820800781 4.3193426132202148438 4.4753980636596679688 4.719371795654296875 5.13988494873046875 5.7263865470886230469 5.9843759536743164063 6.0233354568481445313 5.7845563888549804688 5.3048048019409179688 5.651004791259765625 6.2184190750122070313 6.6529932022094726563
5.0933594703674316406 5.2683000564575195313 5.3217692375183105469 5.2556872367858886719 5.3157339096069335938 5.2279686927795410156 5.2487916946411132813 4.9413700103759765625 4.5697550773620605469 4.0262389183044433594 3.5254380702972412109 3.1470038890838623047 2.8470516204833984375 2.6886625289916992188 2.5653786659240722656 2.5099923610687255859 2.7013187408447265625 3.1434283256530761719 3.3687546253204345703 3.1682505607604980469 3.1692059040069580078 3.3198575973510742188 3.6238880157470703125 3.8644843101501464844 4.2023816108703613281 4.4912943840026855469 4.5597443580627441406 4.1707730293273925781 4.2876811027526855469 4.4758539199829101563 4.8330707550048828125 5.4843549728393554688 5.8321881294250488281 6.1406836509704589844 6.2138357162475585938 5.8141674995422363281 5.6916489601135253906 5.9266948699951171875 6.6513876914978027344 6.4800963401794433594
4.9174246788024902344 5.1279959678649902344 5.183620452880859375 5.123027801513671875 5.1180210113525390625 4.9049658775329589844 4.732387542724609375 4.7859988212585449219 4.6730141639709472656 4.2070860862731933594 3.6714208126068115234 3.2902343273162841797 3.0097393989562988281 2.7800030708312988281 2.6596868038177490234 2.6961622238159179688 3.0377242565155029297 3.472118377685546875 3.2508921623229980469 3.1529736518859863281 3.1398882865905761719 3.3010554313659667969 3.6052837371826171875 3.8830521106719970703 4.0636191368103027344 4.2342152595520019531 4.2705769538879394531 4.0854334831237792969 4.1285033226013183594 4.5737018585205078125 5.06122589111328125 5.5216031074523925781 5.9197673797607421875 6.2127294540405273438 6.0456881523132324219 6.120983123779296875 5.66545867919921875 6.1158041954040527344 6.9378604888916015625 6.3121881484985351563
5.206928253173828125 5.2095699310302734375 5.01725006103515625 4.8692102432250976563 4.8099188804626464844 4.7009425163269042969 4.5623722076416015625 4.39194488525390625 4.3385190963745117188 4.0414762496948242188 3.7645270824432373047 3.5782048702239990234 3.2412238121032714844 2.9766967296600341797 2.8886578083038330078 3.0718741416931152344 3.4239528179168701172 3.7086641788482666016 3.2391922473907470703 3.1299529075622558594 3.0882852077484130859 3.3128757476806640625 3.6387658119201660156 3.8610773086547851563 3.9416642189025878906 4.0721573829650878906 4.2634720802307128906 4.0036988258361816406 4.0293202400207519531 4.4033379554748535156 4.85652923583984375 5.42438507080078125 5.8526320457458496094 5.8619914054870605469 6.2394247055053710938 6.0635762214660644531 5.855072021484375 6.5415873527526855469 6.4139013290405273438 5.9677181243896484375
5.1718726158142089844 5.0753531455993652344 4.8783426284790039063 4.8145151138305664063 4.7181034088134765625 4.5599184036254882813 4.3756103515625 4.2191700935363769531 4.0570783615112304688 3.7319734096527099609 3.4883501529693603516 3.2891099452972412109 3.1832177639007568359 3.1595551967620849609 3.1684384346008300781 3.2171075344085693359 3.4735274314880371094 3.7667496204376220703 3.3190903663635253906 3.1927559375762939453 3.2338445186614990234 3.4178910255432128906 3.6194210052490234375 3.9872899055480957031 3.85558319091796875 4.0802068710327148438 4.2759919166564941406 3.9900574684143066406 3.8764393329620361328 4.1690464019775390625 4.624576568603515625 5.2138271331787109375 5.2252855300903320313 5.7239236831665039063 6.0377721786499023438 6.5262675285339355469 6.9449067115783691406 6.9380931854248046875 6.2476925849914550781 5.6761088371276855469
5.3875374794006347656 5.3406476974487304688 4.9633469581604003906 4.6439070701599121094 4.6432704925537109375 4.5396032333374023438 4.3711304664611816406 4.1449942588806152344 3.8977797031402587891 3.5953161716461181641 3.3493716716766357422 3.1401212215423583984 3.0109660625457763672 3.0316178798675537109 3.0607163906097412109 3.0956461429595947266 3.3051850795745849609 3.7293832302093505859 3.5578551292419433594 3.360370635986328125 3.3480014801025390625 3.539215087890625 3.8900678157806396484 3.9902858734130859375 3.9876124858856201172 4.1245660781860351563 4.3437852859497070313 4.1873531341552734375 4.0731320381164550781 4.2562813758850097656 4.3339734077453613281 4.5678076744079589844 5.2576670646667480469 5.9061031341552734375 6.6595001220703125 7.2222990989685058594 7.7365560531616210938 7.2193455696105957031 6.1027121543884277344 5.7000551223754882813
