data-raw/generated/ibe-ibr-demo/multi_surface/Results/err27.ffp.asc
ncols        358
nrows        426
xllcorner    683282.509631976951
yllcorner    4992832.770215390250
cellsize     30.000000000000
NODATA_value nan
[rows 18 to 35 of 426, columns 280 to 319 of 358]
2.1303157806396484375 2.1371214389801025391 2.2303738594055175781 2.3024818897247314453 2.2846693992614746094 2.4482932090759277344 2.5833208560943603516 2.7401223182678222656 2.8078818321228027344 3.0912616252899169922 3.3390402793884277344 3.4925601482391357422 3.2601990699768066406 3.2655086517333984375 3.5107684135437011719 3.3299863338470458984 3.1835663318634033203 2.9957926273345947266 2.7538571357727050781 2.539508819580078125 2.3423812389373779297 2.225109100341796875 2.1508841514587402344 2.1282858848571777344 2.0233056545257568359 1.9177033901214599609 1.9248765707015991211 1.9634993076324462891 1.9266127347946166992 1.7254624366760253906 1.6659430265426635742 1.6495513916015625 1.6144391298294067383 1.635451197624206543 1.7274378538131713867 1.8649557828903198242 2.1152732372283935547 2.3099184036254882813 2.3518247604370117188 2.6829867362976074219
1.9370450973510742188 2.0096254348754882813 2.0949218273162841797 2.1434464454650878906 2.1981914043426513672 2.3197031021118164063 2.4320421218872070313 2.5056226253509521484 2.5737485885620117188 2.7372677326202392578 2.9212915897369384766 3.0163433551788330078 2.6639831066131591797 2.9084305763244628906 3.0213873386383056641 2.9864227771759033203 2.9099428653717041016 2.7814648151397705078 2.6671502590179443359 2.4946458339691162109 2.4791316986083984375 2.318302154541015625 2.2035236358642578125 2.1742794513702392578 2.1108491420745849609 2.0472669601440429688 2.1065301895141601563 2.2290208339691162109 1.8955787420272827148 1.7357370853424072266 1.5841984748840332031 1.5949504375457763672 1.6848312616348266602 1.7170319557189941406 1.8037124872207641602 1.9672884941101074219 2.1717727184295654297 2.3229799270629882813 2.4225351810455322266 2.8832566738128662109
1.905653834342956543 2.0071604251861572266 2.1049759387969970703 2.2166829109191894531 2.2584574222564697266 2.3644025325775146484 2.4370188713073730469 2.5081124305725097656 2.5301280021667480469 2.6228520870208740234 2.7291524410247802734 2.7781581878662109375 2.4648172855377197266 2.6611928939819335938 2.6777780055999755859 2.6467180252075195313 2.5789272785186767578 2.4452989101409912109 2.3287944793701171875 2.2976644039154052734 2.2201130390167236328 2.0452229976654052734 1.9041675329208374023 1.7874521017074584961 1.6777245998382568359 1.6220462322235107422 1.6244869232177734375 1.6939263343811035156 1.7466543912887573242 1.8331055641174316406 1.7193732261657714844 1.6880322694778442383 1.7566643953323364258 1.8206591606140136719 1.9494081735610961914 2.1137413978576660156 2.3602354526519775391 2.5241169929504394531 2.6444303989410400391 3.2028539180755615234
2.0281364917755126953 2.1424052715301513672 2.2341167926788330078 2.3525204658508300781 2.4577801227569580078 2.5279445648193359375 2.5638599395751953125 2.6278336048126220703 2.6450653076171875 2.6630227565765380859 2.6894650459289550781 2.6505811214447021484 2.3574571609497070313 2.4846730232238769531 2.5485341548919677734 2.4862663745880126953 2.4060175418853759766 2.3283867835998535156 2.2491748332977294922 2.1957550048828125 2.0837941169738769531 1.8944264650344848633 1.7436709403991699219 1.6755656003952026367 1.5457775592803955078 1.5260850191116333008 1.504580378532409668 1.4680708646774291992 1.5174733400344848633 1.583130955696105957 1.6830468177795410156 1.8562703132629394531 1.9693266153335571289 2.0600371360778808594 2.1615288257598876953 2.3896954059600830078 2.67704010009765625 2.6867239475250244141 2.9758894443511962891 3.1522259712219238281
2.2233552932739257813 2.3655097484588623047 2.4996967315673828125 2.6309092044830322266 2.7380135059356689453 2.8042500019073486328 2.83286285400390625 2.8368332386016845703 2.8596360683441162109 2.8795878887176513672 2.8418896198272705078 2.5692789554595947266 2.4699790477752685547 2.5228374004364013672 2.5728883743286132813 2.4721965789794921875 2.3885388374328613281 2.3277671337127685547 2.3203351497650146484 2.2496950626373291016 2.0797009468078613281 1.9392119646072387695 1.7981832027435302734 1.6940549612045288086 1.5725431442260742188 1.4903372526168823242 1.4364116191864013672 1.465855717658996582 1.5077074766159057617 1.5475357770919799805 1.6417570114135742188 1.7773299217224121094 1.96089935302734375 2.1562786102294921875 2.4226212501525878906 2.7885255813598632813 2.9618818759918212891 2.8131058216094970703 3.0595622062683105469 3.2507939338684082031
2.543102264404296875 2.7134227752685546875 2.8343389034271240234 2.9851727485656738281 3.1065738201141357422 3.1617369651794433594 3.1825461387634277344 3.1559259891510009766 3.1079232692718505859 3.1224765777587890625 3.0635623931884765625 2.6445159912109375 2.6163296699523925781 2.6676497459411621094 2.7680487632751464844 2.6756525039672851563 2.5517315864562988281 2.4305231571197509766 2.3396899700164794922 2.2796652317047119141 2.1516811847686767578 2.0485568046569824219 1.9345706701278686523 1.8329036235809326172 1.7323189973831176758 1.637292027473449707 1.5703960657119750977 1.5444195270538330078 1.5670237541198730469 1.6144728660583496094 1.6770355701446533203 1.7958086729049682617 1.9443280696868896484 2.1229586601257324219 2.3411943912506103516 2.6520018577575683594 2.5617747306823730469 2.5668668746948242188 2.7087426185607910156 2.9233384132385253906
2.9513247013092041016 3.1119680404663085938 3.2528111934661865234 3.4393427371978759766 3.6158163547515869141 3.6662170886993408203 3.6434257030487060547 3.5432460308074951172 3.4745743274688720703 3.4142694473266601563 2.9917619228363037109 2.9624741077423095703 2.8660476207733154297 2.8362674713134765625 2.9579253196716308594 2.8201985359191894531 2.7071764469146728516 2.6109209060668945313 2.5335497856140136719 2.4223389625549316406 2.3241548538208007813 2.1938173770904541016 2.0972716808319091797 2.0017971992492675781 1.9179741144180297852 1.8306962251663208008 1.7545747756958007813 1.705450892448425293 1.6961910724639892578 1.7423071861267089844 1.796152949333190918 1.9149039983749389648 2.0373704433441162109 2.1874163150787353516 2.3831791877746582031 2.4966387748718261719 2.5138010978698730469 2.5615258216857910156 2.6701760292053222656 2.8064122200012207031
3.4697508811950683594 3.690166473388671875 3.8961951732635498047 4.0486974716186523438 4.1567654609680175781 4.1926698684692382813 4.1700658798217773438 4.0825738906860351563 3.9353485107421875 3.6592423915863037109 3.27948760986328125 3.4518582820892333984 3.3434398174285888672 3.1979196071624755859 3.2871811389923095703 3.2081274986267089844 3.0485467910766601563 2.8968362808227539063 2.7975533008575439453 2.671688079833984375 2.591495513916015625 2.4694697856903076172 2.34734344482421875 2.2501826286315917969 2.1565783023834228516 2.0625901222229003906 1.9916054010391235352 1.9392268657684326172 1.9251953363418579102 1.9482975006103515625 2.0468118190765380859 2.1412787437438964844 2.2035150527954101563 2.3538877964019775391 2.4217457771301269531 2.503326416015625 2.6588959693908691406 2.6768894195556640625 2.6319401264190673828 2.7247557640075683594
4.1063656806945800781 4.2948203086853027344 4.4548206329345703125 4.6268301010131835938 4.7510166168212890625 4.726062774658203125 4.6976985931396484375 4.5614075660705566406 4.1678204536437988281 3.8176729679107666016 3.6162209510803222656 3.8079035282135009766 3.7263963222503662109 3.6487734317779541016 3.5741872787475585938 3.6955437660217285156 3.5435788631439208984 3.3612680435180664063 3.2064292430877685547 3.0681519508361816406 2.9678049087524414063 2.8626523017883300781 2.7283713817596435547 2.6171979904174804688 2.5106148719787597656 2.3949265480041503906 2.3050999641418457031 2.2591464519500732422 2.2283046245574951172 2.2465305328369140625 2.3157033920288085938 2.4122569561004638672 2.4810965061187744141 2.5396001338958740234 2.6102392673492431641 2.6679143905639648438 2.8526265621185302734 2.7614583969116210938 2.7140855789184570313 2.7665090560913085938
4.6996369361877441406 5.0120997428894042969 5.1724648475646972656 5.2094006538391113281 5.3317880630493164063 5.3718543052673339844 5.179920196533203125 4.8254408836364746094 4.5112404823303222656 4.2407312393188476563 4.24106597900390625 4.2840399742126464844 4.5153346061706542969 4.3277120590209960938 4.1120514869689941406 4.0310344696044921875 4.0998091697692871094 3.9415640830993652344 3.7818329334259033203 3.6327693462371826172 3.4534068107604980469 3.2993662357330322266 3.1464011669158935547 3.0432198047637939453 2.9260034561157226563 2.8103177547454833984 2.7192661762237548828 2.6446766853332519531 2.604602813720703125 2.5668919086456298828 2.5922460556030273438 2.6877422332763671875 2.7405772209167480469 2.7764093875885009766 2.8147740364074707031 2.9218270778656005859 3.0432209968566894531 2.8966002464294433594 2.9113748073577880859 2.95397186279296875
5.2965407371520996094 5.5172305107116699219 5.5531444549560546875 5.6680803298950195313 5.7694029808044433594 5.753681182861328125 5.5694055557250976563 5.3104529380798339844 5.1977171897888183594 5.1523895263671875 5.0358486175537109375 4.8903360366821289063 5.065059661865234375 5.0594601631164550781 4.8616938591003417969 4.6019306182861328125 4.632846832275390625 4.4640707969665527344 4.3301463127136230469 4.1976733207702636719 4.0851387977600097656 3.9343330860137939453 3.7889711856842041016 3.6177959442138671875 3.453212738037109375 3.3125562667846679688 3.2088110446929931641 3.1252112388610839844 3.0501244068145751953 2.9441549777984619141 2.9150302410125732422 2.9528567790985107422 2.9671039581298828125 3.0315539836883544922 3.1208980083465576172 3.2276458740234375 3.2721934318542480469 3.1674563884735107422 3.1373264789581298828 3.1550879478454589844
5.9063000679016113281 6.2004837989807128906 5.9447193145751953125 6.1756877899169921875 6.0778584480285644531 6.0416574478149414063 5.9405169486999511719 5.8227105140686035156 5.8295674324035644531 5.6889295578002929688 5.4660882949829101563 5.4854984283447265625 5.5338802337646484375 5.7102870941162109375 5.8389673233032226563 5.6089653968811035156 5.3200540542602539063 5.1326985359191894531 5.1439037322998046875 4.8970079421997070313 4.6995954513549804688 4.5400991439819335938 4.3852648735046386719 4.2438249588012695313 4.1716885566711425781 4.0184626579284667969 3.8758709430694580078 3.7561054229736328125 3.5458400249481201172 3.3733236789703369141 3.3372623920440673828 3.3538458347320556641 3.4243669509887695313 3.4565644264221191406 3.5292532444000244141 3.6795177459716796875 3.6128952503204345703 3.5200269222259521484 3.4982359409332275391 3.4016296863555908203
6.6908235549926757813 6.76116943359375 6.3124566078186035156 6.4854483604431152344 6.5190529823303222656 6.4631342887878417969 6.817028045654296875 6.8022723197937011719 6.6015882492065429688 6.505619049072265625 6.4893894195556640625 6.3756933212280273438 6.231060028076171875 6.0233626365661621094 6.4830799102783203125 6.3317599296569824219 6.2333998680114746094 5.9599967002868652344 5.5731792449951171875 5.6318674087524414063 5.4242906570434570313 5.2250843048095703125 5.0466756820678710938 4.9014368057250976563 4.7750639915466308594 4.6631412506103515625 4.4512906074523925781 4.2018246650695800781 3.9681348800659179688 3.8921208381652832031 3.8939530849456787109 3.9403786659240722656 4.0345292091369628906 4.1248941421508789063 4.1848649978637695313 4.348384857177734375 4.1521468162536621094 3.9693863391876220703 3.7144830226898193359 3.5476315021514892578
7.472332000732421875 6.9061598777770996094 6.2464399337768554688 6.4657225608825683594 6.6237120628356933594 6.6095294952392578125 7.394214630126953125 7.4698271751403808594 7.5308365821838378906 7.5643038749694824219 7.5190019607543945313 7.3891520500183105469 7.22167205810546875 6.92613983154296875 6.6074457168579101563 6.3290181159973144531 6.5108752250671386719 6.5450148582458496094 6.2713184356689453125 6.1355743408203125 5.8682260513305664063 5.6935029029846191406 5.4236521720886230469 5.2973685264587402344 5.1301732063293457031 5.0009260177612304688 4.9043421745300292969 4.7926511764526367188 4.7058744430541992188 4.609378814697265625 4.5973467826843261719 4.6174492835998535156 4.6782169342041015625 4.7942709922790527344 4.8550105094909667969 4.8822350502014160156 4.5521230697631835938 4.1770110130310058594 3.98859405517578125 3.7321443557739257813
7.2333316802978515625 6.6031541824340820313 6.1342377662658691406 6.2693271636962890625 6.5925531387329101563 6.7769293785095214844 6.7384729385375976563 7.2919764518737792969 8.1524477005004882813 8.130916595458984375 8.00978851318359375 7.7633728981018066406 7.5175824165344238281 7.0710616111755371094 7.0930318832397460938 6.4892849922180175781 6.7824687957763671875 6.8680429458618164063 6.7803387641906738281 6.811237335205078125 6.6260895729064941406 6.3646039962768554688 6.0873594284057617188 5.8970255851745605469 5.6256275177001953125 5.5508751869201660156 5.55399322509765625 5.4484601020812988281 5.4431009292602539063 5.3883109092712402344 5.381256103515625 5.4227375984191894531 5.5293011665344238281 5.6161866188049316406 5.5071516036987304688 5.2367453575134277344 4.7746829986572265625 4.5645899772644042969 4.1397657394409179688 3.8524944782257080078
6.6292505264282226563 6.0890879631042480469 6.0028657913208007813 6.4311933517456054688 7.0450429916381835938 6.97943115234375 6.959716796875 6.5051059722900390625 6.5186419486999511719 6.5702662467956542969 7.2540311813354492188 6.3618855476379394531 6.4608001708984375 6.3781237602233886719 6.52834320068359375 6.772914886474609375 7.088672637939453125 7.6251196861267089844 7.4201555252075195313 7.3255248069763183594 7.250064849853515625 6.8453230857849121094 6.72388458251953125 6.4140753746032714844 6.1898212432861328125 6.0663866996765136719 5.940448760986328125 5.97564697265625 5.9753708839416503906 5.9690947532653808594 5.9899845123291015625 6.0966296195983886719 6.1705012321472167969 6.2435474395751953125 5.8325419425964355469 5.370456695556640625 5.1470980644226074219 4.6936945915222167969 4.2886538505554199219 4.1267843246459960938
5.9684886932373046875 5.2647843360900878906 4.9357290267944335938 5.5871663093566894531 5.9978899955749511719 5.9704489707946777344 5.953319549560546875 5.805271148681640625 5.8470926284790039063 5.9510641098022460938 5.9482374191284179688 6.1028299331665039063 6.3543653488159179688 6.3304400444030761719 6.6560006141662597656 6.9607300758361816406 7.0356855392456054688 7.6356692314147949219 7.9350733757019042969 7.8513255119323730469 7.6265707015991210938 7.2892155647277832031 7.1042079925537109375 6.7338604927062988281 6.7247557640075683594 6.3090491294860839844 6.183948516845703125 6.1469302177429199219 6.1999049186706542969 6.607769012451171875 6.7610144615173339844 6.8273782730102539063 6.9223217964172363281 6.62781524658203125 6.0848412513732910156 5.7210984230041503906 5.3647966384887695313 4.7976565361022949219 4.5084090232849121094 4.1533536911010742188
5.3237538337707519531 4.9646406173706054688 4.0851845741271972656 4.4408535957336425781 4.6550016403198242188 4.6863694190979003906 4.7075123786926269531 5.1827731132507324219 5.3120093345642089844 5.2158536911010742188 5.5777401924133300781 5.5838832855224609375 5.9817872047424316406 6.2907786369323730469 6.6610088348388671875 6.8556156158447265625 6.8466973304748535156 6.8990340232849121094 7.3738703727722167969 7.8170928955078125 7.8862214088439941406 7.6278967857360839844 7.7905740737915039063 7.003330230712890625 6.7474274635314941406 6.4178476333618164063 6.2383289337158203125 6.2169241905212402344 6.1555542945861816406 6.2707037925720214844 6.7920851707458496094 7.1795372962951660156 7.125530242919921875 6.4714384078979492188 6.0670800209045410156 5.63138580322265625 5.1101894378662109375 4.6096401214599609375 4.4032053947448730469 4.1688418388366699219
