data-raw/generated/ibe-ibr-demo/multi_surface/Results/err27.ffp.asc
ncols        358
nrows        426
xllcorner    683282.509631976951
yllcorner    4992832.770215390250
cellsize     30.000000000000
NODATA_value nan
[rows 90 to 107 of 426, columns 80 to 119 of 358]
3.5633547306060791016 3.7728714942932128906 3.9700362682342529297 4.2707810401916503906 4.6646256446838378906 5.08031463623046875 5.4051156044006347656 5.5680747032165527344 5.4372262954711914063 5.5832495689392089844 5.6681070327758789063 5.5129122734069824219 5.4310464859008789063 5.2825779914855957031 5.2839474678039550781 5.1579084396362304688 5.1328082084655761719 5.4381456375122070313 6.0118851661682128906 6.6831302642822265625 7.4656739234924316406 8.2910289764404296875 9.07039642333984375 9.9552564620971679688 10.645424842834472656 10.985726356506347656 10.529745101928710938 9.4228582382202148438 9.2093400955200195313 9.930419921875 9.7402172088623046875 9.4448833465576171875 8.7039899826049804688 7.6867084503173828125 6.7079691886901855469 5.6574940681457519531 4.8743162155151367188 4.2402181625366210938 3.75390625 3.5439746379852294922
3.2144763469696044922 3.4825518131256103516 3.6821088790893554688 3.8870327472686767578 4.2525854110717773438 4.6278295516967773438 5.0415983200073242188 5.3589520454406738281 5.5118284225463867188 5.5599865913391113281 5.6964864730834960938 5.6787099838256835938 5.4643359184265136719 5.342632293701171875 5.3805074691772460938 5.3887395858764648438 5.3829498291015625 5.5413384437561035156 5.95392608642578125 6.57314300537109375 7.320835113525390625 8.1186552047729492188 8.8126020431518554688 9.5897235870361328125 10.251592636108398438 10.611886024475097656 10.162117958068847656 9.05877685546875 8.4960765838623046875 9.31116485595703125 9.2542657852172851563 9.0754899978637695313 8.3766355514526367188 7.4599795341491699219 6.4995846748352050781 5.4882264137268066406 4.7549290657043457031 4.208255767822265625 3.7731120586395263672 3.6350162029266357422
2.9287040233612060547 3.0906844139099121094 3.3775620460510253906 3.6366751194000244141 3.8915719985961914063 4.2383031845092773438 4.63355255126953125 5.0280165672302246094 5.34296417236328125 5.4644761085510253906 5.5290937423706054688 5.6471924781799316406 5.5099043846130371094 5.3788638114929199219 5.3154273033142089844 5.4300236701965332031 5.4401388168334960938 5.8012681007385253906 5.9599490165710449219 6.4496212005615234375 7.1353116035461425781 7.8385372161865234375 8.5886831283569335938 9.1694278717041015625 9.778308868408203125 10.076361656188964844 9.581134796142578125 8.423618316650390625 7.6922574043273925781 8.5631351470947265625 8.7011976242065429688 8.5426998138427734375 7.9055714607238769531 7.0842032432556152344 6.1992249488830566406 5.3145670890808105469 4.6311349868774414063 4.14666748046875 3.7448773384094238281 3.6412539482116699219
2.6498234272003173828 2.8371915817260742188 3.0633492469787597656 3.3401741981506347656 3.6299676895141601563 3.9238801002502441406 4.297748565673828125 4.7214984893798828125 5.0834918022155761719 5.3507342338562011719 5.5986714363098144531 5.6573348045349121094 5.5825476646423339844 5.447109222412109375 5.3975362777709960938 5.4203519821166992188 5.41332244873046875 5.6817393302917480469 6.1070046424865722656 6.4264545440673828125 6.9303812980651855469 7.5683412551879882813 8.205112457275390625 8.7770137786865234375 9.2596330642700195313 9.3512363433837890625 8.6974477767944335938 7.4292812347412109375 6.7643251419067382813 7.695499420166015625 8.0610141754150390625 8.0732088088989257813 7.4997420310974121094 6.6620264053344726563 5.8706669807434082031 5.0704321861267089844 4.4535551071166992188 4.0134406089782714844 3.7134625911712646484 3.712131500244140625
2.4797008037567138672 2.6176085472106933594 2.8509862422943115234 3.1124095916748046875 3.3532013893127441406 3.7134740352630615234 4.097209930419921875 4.5250415802001953125 5.009540557861328125 5.34738922119140625 5.5325803756713867188 5.6038885116577148438 5.6030731201171875 5.5749492645263671875 5.425506591796875 5.4570145606994628906 5.3911962509155273438 5.654308319091796875 6.0391945838928222656 6.2767338752746582031 6.7216668128967285156 7.2141547203063964844 7.7646536827087402344 8.3364534378051757813 8.5972375869750976563 8.5447340011596679688 8.1184873580932617188 6.9443364143371582031 6.6307129859924316406 6.6913676261901855469 7.3209123611450195313 7.3951373100280761719 6.9931879043579101563 6.348712921142578125 5.5932335853576660156 4.9033875465393066406 4.3633465766906738281 3.9399333000183105469 3.6820700168609619141 3.7078516483306884766
2.3580806255340576172 2.5131356716156005859 2.6697762012481689453 2.9440891742706298828 3.2575163841247558594 3.5350353717803955078 3.9350306987762451172 4.3755702972412109375 4.80141448974609375 5.2635784149169921875 5.4499883651733398438 5.433628082275390625 5.5660657882690429688 5.5829181671142578125 5.4209980964660644531 5.4122653007507324219 5.3570084571838378906 5.531085968017578125 5.8473582267761230469 6.2183485031127929688 6.5046362876892089844 6.8828558921813964844 7.3312182426452636719 7.6897082328796386719 7.8853812217712402344 7.7324328422546386719 7.3666319847106933594 7.1176595687866210938 6.9202036857604980469 6.4843726158142089844 6.3288216590881347656 6.5227961540222167969 6.2705907821655273438 5.7860836982727050781 5.2211155891418457031 4.5985422134399414063 4.1836986541748046875 3.8617289066314697266 3.7594766616821289063 3.9261138439178466797
2.2761297225952148438 2.4201667308807373047 2.6416065692901611328 2.8408193588256835938 3.135654449462890625 3.4631168842315673828 3.8313040733337402344 4.3020634651184082031 4.8349795341491699219 5.1660327911376953125 5.3446874618530273438 5.3613672256469726563 5.3628039360046386719 5.4177703857421875 5.28386688232421875 5.3212957382202148438 5.2846226692199707031 5.3805985450744628906 5.5866951942443847656 6.0399370193481445313 6.2047271728515625 6.5195546150207519531 6.8554997444152832031 7.0673131942749023438 7.1892914772033691406 6.9169740676879882813 6.6156635284423828125 7.1235089302062988281 7.1590008735656738281 6.643863677978515625 6.1829886436462402344 5.6475987434387207031 5.6767563819885253906 5.3340706825256347656 4.8918743133544921875 4.3997292518615722656 3.9951238632202148438 3.7227268218994140625 3.6991524696350097656 3.9942340850830078125
2.2869925498962402344 2.4263722896575927734 2.5882787704467773438 2.8238079547882080078 3.0976798534393310547 3.4532318115234375 3.8750107288360595703 4.2950949668884277344 4.7854051589965820313 5.0148015022277832031 5.0609526634216308594 5.108219146728515625 5.1536512374877929688 5.3166737556457519531 5.2331786155700683594 5.1565814018249511719 5.1690921783447265625 5.2017035484313964844 5.2680859565734863281 5.7032461166381835938 5.9201502799987792969 6.1389923095703125 6.3316111564636230469 6.4245762825012207031 6.3730783462524414063 6.0845608711242675781 6.4906439781188964844 6.9447321891784667969 7.2081861495971679688 6.6729378700256347656 6.3382234573364257813 5.6740097999572753906 4.9333772659301757813 4.7654466629028320313 4.5015764236450195313 4.1334819793701171875 3.8224277496337890625 3.7060906887054443359 3.6472492218017578125 3.8676822185516357422
2.3156507015228271484 2.4519753456115722656 2.6201641559600830078 2.8717699050903320313 3.1814579963684082031 3.4811065196990966797 3.9606196880340576172 4.3571939468383789063 4.874835968017578125 4.8528456687927246094 4.9010534286499023438 5.1658926010131835938 5.1700615882873535156 5.2992525100708007813 5.2739901542663574219 5.2347540855407714844 5.2617173194885253906 5.2167849540710449219 5.1265850067138671875 5.3081064224243164063 5.4510207176208496094 5.5875444412231445313 5.6853718757629394531 5.7637729644775390625 5.7474703788757324219 5.9750256538391113281 6.5492963790893554688 6.7946567535400390625 7.2392988204956054688 6.7700295448303222656 6.5327486991882324219 5.9666967391967773438 5.1745524406433105469 4.2645902633666992188 4.0524463653564453125 3.8347373008728027344 3.6488239765167236328 3.5526459217071533203 3.6809473037719726563 3.9419238567352294922
2.5402932167053222656 2.5842940807342529297 2.7995820045471191406 3.0327761173248291016 3.3359112739562988281 3.6822981834411621094 4.0530986785888671875 4.525604248046875 4.8298788070678710938 4.9549264907836914063 4.9501013755798339844 5.0939121246337890625 5.0950360298156738281 5.1887688636779785156 5.046878814697265625 5.0370817184448242188 4.897022247314453125 4.9542880058288574219 5.0491380691528320313 5.1318025588989257813 5.1812734603881835938 5.1866574287414550781 5.2296605110168457031 5.2390980720520019531 5.2181925773620605469 6.0257878303527832031 6.6092696189880371094 6.816959381103515625 7.1678013801574707031 6.8585095405578613281 6.7076129913330078125 6.1893467903137207031 5.5601787567138671875 4.7430181503295898438 3.8551709651947021484 3.5448739528656005859 3.4199221134185791016 3.3990736007690429688 3.5691521167755126953 3.901241302490234375
3.3481118679046630859 3.0625965595245361328 3.0398404598236083984 3.2231187820434570313 3.4519269466400146484 3.8232595920562744141 4.1128988265991210938 4.4358344078063964844 4.6082177162170410156 4.9168186187744140625 5.02639007568359375 5.1010560989379882813 5.1101765632629394531 5.1871790885925292969 5.0450634956359863281 4.9363164901733398438 4.7821245193481445313 4.8053326606750488281 4.7424421310424804688 4.8345422744750976563 4.9028997421264648438 4.7174887657165527344 4.6439032554626464844 4.4740886688232421875 5.4372057914733886719 6.2102150917053222656 6.5635862350463867188 6.7537674903869628906 6.9885983467102050781 6.8473420143127441406 6.7821588516235351563 6.3336267471313476563 5.7870059013366699219 5.2811975479125976563 4.4085721969604492188 3.68505096435546875 3.1911265850067138672 3.2968699932098388672 3.3987565040588378906 3.8280849456787109375
3.2443857192993164063 3.2015159130096435547 3.1121122837066650391 3.1796672344207763672 3.4048013687133789063 3.7259964942932128906 3.9383246898651123047 4.2470369338989257813 4.4727406501770019531 4.7829608917236328125 4.9949765205383300781 5.0380964279174804688 5.0420017242431640625 5.01413726806640625 4.8275613784790039063 4.67535400390625 4.5401587486267089844 4.6084675788879394531 4.5794463157653808594 4.6430788040161132813 4.4847817420959472656 4.2176513671875 3.9703586101531982422 4.7473692893981933594 5.5735707283020019531 6.1919493675231933594 6.414272308349609375 6.695770263671875 6.6870331764221191406 6.7470159530639648438 6.73117828369140625 6.4932208061218261719 6.0660858154296875 5.5520191192626953125 4.8486599922180175781 4.1335444450378417969 3.5223476886749267578 3.0846929550170898438 3.2688083648681640625 3.6264486312866210938
3.0706737041473388672 3.2026925086975097656 3.1937432289123535156 3.2730882167816162109 3.4611444473266601563 3.7239751815795898438 3.9267165660858154297 4.1986746788024902344 4.4054412841796875 4.6734957695007324219 4.90665435791015625 4.9391450881958007813 4.9362587928771972656 4.734966278076171875 4.5576481819152832031 4.42299652099609375 4.3035116195678710938 4.4139127731323242188 4.2442493438720703125 4.3485169410705566406 4.2039790153503417969 3.9298608303070068359 4.2842364311218261719 5.1380643844604492188 5.7871494293212890625 6.2493615150451660156 6.3959269523620605469 6.67382049560546875 6.6816620826721191406 6.8097338676452636719 6.6201577186584472656 6.4466190338134765625 6.1883788108825683594 5.7122473716735839844 5.3254299163818359375 4.7407698631286621094 4.0674114227294921875 3.6402835845947265625 3.1014068126678466797 3.3904902935028076172
3.0663421154022216797 3.1760036945343017578 3.4309787750244140625 3.4977366924285888672 3.6433680057525634766 3.7999303340911865234 4.0446386337280273438 4.2702817916870117188 4.4150323867797851563 4.6911311149597167969 4.9862465858459472656 4.843067169189453125 4.8657698631286621094 4.680271148681640625 4.4643006324768066406 4.0788245201110839844 4.0257868766784667969 4.0745906829833984375 3.9918153285980224609 4.0182962417602539063 3.7052516937255859375 3.7914760112762451172 4.815395355224609375 5.3942203521728515625 5.6997709274291992188 5.948200225830078125 6.0887627601623535156 6.2759599685668945313 6.3562226295471191406 6.4934544563293457031 6.4851655960083007813 6.4309763908386230469 6.2654366493225097656 5.8957390785217285156 5.7028498649597167969 5.22763824462890625 4.6431684494018554688 4.1966304779052734375 3.4072768688201904297 3.6860609054565429688
3.2541942596435546875 3.4038622379302978516 3.6316921710968017578 3.8604071140289306641 3.9735467433929443359 4.0873775482177734375 4.2581338882446289063 4.3815240859985351563 4.4992518424987792969 4.7651228904724121094 4.8573946952819824219 4.8508014678955078125 4.8034777641296386719 4.5264496803283691406 4.4263219833374023438 4.0012426376342773438 3.9064743518829345703 3.6699929237365722656 3.6848104000091552734 3.5599508285522460938 3.3993184566497802734 4.3326945304870605469 4.860198974609375 5.156291961669921875 5.3961429595947265625 5.5806789398193359375 5.7075295448303222656 5.8591504096984863281 5.9208903312683105469 6.0570268630981445313 6.1973147392272949219 6.1760201454162597656 6.2306499481201171875 6.1626753807067871094 5.9572148323059082031 5.5562968254089355469 5.2361226081848144531 4.7326226234436035156 4.0999169349670410156 4.0138397216796875
3.5251696109771728516 3.6892230510711669922 3.8961849212646484375 4.2135634422302246094 4.4032731056213378906 4.4121417999267578125 4.5075292587280273438 4.6228399276733398438 4.6546177864074707031 4.8650684356689453125 4.9122529029846191406 4.9340863227844238281 4.6946959495544433594 4.5292944908142089844 4.2137360572814941406 3.9780282974243164063 3.7347152233123779297 3.388660430908203125 3.5589652061462402344 3.0747511386871337891 3.8933894634246826172 4.337871551513671875 4.6418318748474121094 4.9752736091613769531 5.1890249252319335938 5.2800135612487792969 5.4122242927551269531 5.5183582305908203125 5.6051931381225585938 5.7229390144348144531 5.8022990226745605469 5.8634104728698730469 6.0207319259643554688 6.2450189590454101563 6.350711822509765625 6.1189885139465332031 5.6992650032043457031 5.2305402755737304688 5.0415906906127929688 4.7013239860534667969
3.8379991054534912109 3.9747576713562011719 4.2149209976196289063 4.5256810188293457031 4.8837575912475585938 4.9614739418029785156 5.0291299819946289063 5.0925049781799316406 5.0648241043090820313 4.9841456413269042969 5.0865144729614257813 5.0413928031921386719 4.8973560333251953125 4.69226837158203125 4.279659271240234375 4.0397090911865234375 3.6261587142944335938 3.1955835819244384766 3.5353472232818603516 3.3700242042541503906 4.0147557258605957031 4.25083160400390625 4.599597930908203125 4.9431314468383789063 5.1454229354858398438 5.1944017410278320313 5.336490631103515625 5.4193072319030761719 5.4764041900634765625 5.6423430442810058594 5.654163360595703125 5.7959346771240234375 6.0043768882751464844 6.3022532463073730469 6.4757905006408691406 6.5951776504516601563 6.3302783966064453125 6.2233629226684570313 6.02239227294921875 5.4476346969604492188
4.2011885643005371094 4.3147401809692382813 4.5030694007873535156 4.7375979423522949219 5.1263613700866699219 5.4558320045471191406 5.5530414581298828125 5.4435596466064453125 5.2262935638427734375 5.2074794769287109375 5.2314705848693847656 5.2523908615112304688 5.0790967941284179688 4.8507275581359863281 4.4249620437622070313 4.0129294395446777344 3.480625152587890625 3.2089774608612060547 3.3192856311798095703 3.543025970458984375 4.0095295906066894531 4.3530516624450683594 4.6756410598754882813 4.9191226959228515625 5.0049524307250976563 5.1141667366027832031 5.3082895278930664063 5.3390965461730957031 5.3979706764221191406 5.6664052009582519531 5.7653412818908691406 5.9807848930358886719 6.03008270263671875 6.2659411430358886719 6.6305017471313476563 7.1064352989196777344 7.31522369384765625 7.376708984375 6.9140172004699707031 6.4490981101989746094
