inst/extdata/vignette-results/all_comb/rep_1/single.surface/continuous.asc
ncols        50
nrows        50
xllcorner    0.000000000000
yllcorner    0.000000000000
cellsize     0.500000000000
NODATA_value nan
[rows 0 to 17 of 50, columns 0 to 39 of 50]
1.6077358722686767578 1.4080728292465209961 1.4831759929656982422 1.2433040142059326172 1.3118230104446411133 1.3089829683303833008 1.6839475631713867188 1.7449294328689575195 1.4731775522232055664 1.6063657999038696289 1.4959741830825805664 1.4552937746047973633 1.5430409908294677734 1.6508443355560302734 1.5688878297805786133 1.8133437633514404297 1.5751659870147705078 1.5252517461776733398 1.5151088237762451172 1.2242394685745239258 1.45325469970703125 1.3429877758026123047 1.2697517871856689453 1.1626875400543212891 1.4871313571929931641 1.5409061908721923828 1.3886400461196899414 1.1838644742965698242 1.4314447641372680664 1.2243101596832275391 1.3043234348297119141 1.4774636030197143555 1.4522099494934082031 1.277600407600402832 1.2850465774536132813 1.2692409753799438477 1.3106081485748291016 1.3594622611999511719 1.3710758686065673828 1.3805660009384155273
1.2472535371780395508 1.3218268156051635742 1.3328626155853271484 1.2443801164627075195 1.3146350383758544922 1.3158097267150878906 1.4913388490676879883 1.7381997108459472656 1.6191884279251098633 1.8559395074844360352 1.6598488092422485352 1.7049283981323242188 1.4297069311141967773 1.1863801479339599609 1.4309898614883422852 1.5007914304733276367 1.5101882219314575195 1.2353173494338989258 1.3640094995498657227 1.6170783042907714844 1.6023007631301879883 1.486797332763671875 1.3045645952224731445 1.3782476186752319336 1.3382577896118164063 1.3949692249298095703 1.0993628501892089844 1.1907064914703369141 1.1931035518646240234 1.2117109298706054688 1.1791428327560424805 1.1885781288146972656 1.2829500436782836914 1.201361536979675293 1.1237285137176513672 1.1516371965408325195 1.2272523641586303711 1.3544321060180664063 1.4652469158172607422 1.4079682826995849609
1.230668187141418457 1.2979876995086669922 1.3660118579864501953 1.388164520263671875 1.2110925912857055664 1.4974144697189331055 1.7897216081619262695 1.6900584697723388672 1.8325694799423217773 1.9587578773498535156 1.5107669830322265625 1.441443324089050293 1.3629016876220703125 1.2704842090606689453 1.6037929058074951172 1.3109035491943359375 1.1953942775726318359 1.3732275962829589844 1.5633804798126220703 1.5750677585601806641 1.5029666423797607422 1.5093071460723876953 1.5596325397491455078 1.3642945289611816406 1.5645984411239624023 1.3981443643569946289 1.3923277854919433594 1.3370987176895141602 1.4115461111068725586 1.3496075868606567383 1.1997585296630859375 1.2021317481994628906 1.1847165822982788086 1.1644448041915893555 1.2290084362030029297 1.2274510860443115234 1.2245988845825195313 1.3718179464340209961 1.8817001581192016602 1.6971946954727172852
1.2019478082656860352 1.3548895120620727539 1.5280814170837402344 1.5246610641479492188 1.3816744089126586914 1.3722810745239257813 1.4976239204406738281 1.6084629297256469727 1.3980724811553955078 1.6899217367172241211 1.7357536554336547852 1.4787328243255615234 1.4435744285583496094 1.3708128929138183594 1.4368410110473632813 1.3040975332260131836 1.4228866100311279297 1.4925065040588378906 1.7978795766830444336 1.4611045122146606445 1.3298487663269042969 1.2654763460159301758 1.3160991668701171875 1.4171142578125 1.5107840299606323242 1.435302734375 1.2727797031402587891 1.2031030654907226563 1.2228593826293945313 1.2045340538024902344 1.1882425546646118164 1.1265361309051513672 1.1110150814056396484 1.0347238779067993164 1.1063657999038696289 1.2963473796844482422 1.4154874086380004883 1.3886837959289550781 1.4650804996490478516 1.6961418390274047852
1.3393909931182861328 1.5785995721817016602 1.5348644256591796875 1.6600087881088256836 1.5548967123031616211 1.4232383966445922852 1.4284384250640869141 1.6810114383697509766 1.5489940643310546875 1.5033771991729736328 1.4808419942855834961 1.742676854133605957 1.5303132534027099609 1.5719757080078125 1.462412714958190918 1.5331014394760131836 1.4784708023071289063 1.5754151344299316406 1.5347362756729125977 1.4854964017868041992 1.4941856861114501953 1.1147245168685913086 1.3157533407211303711 1.492995142936706543 1.6231073141098022461 1.537640690803527832 1.29909515380859375 1.3343224525451660156 1.3448439836502075195 1.3546774387359619141 1.2716082334518432617 1.1251380443572998047 1.0500893592834472656 1.1357933282852172852 1.1547554731369018555 1.1236826181411743164 1.571109771728515625 1.6712020635604858398 1.632719874382019043 1.328479766845703125
1.5227835178375244141 1.6714100837707519531 1.6311914920806884766 1.662014007568359375 1.4568208456039428711 1.6028866767883300781 1.4349341392517089844 1.4444216489791870117 1.4436601400375366211 1.6232581138610839844 1.4366325139999389648 1.4353001117706298828 1.3780918121337890625 1.603121638298034668 1.582234501838684082 1.4811930656433105469 1.7270690202713012695 1.844874262809753418 1.5753424167633056641 1.5290267467498779297 1.2525572776794433594 1.2232481241226196289 1.5480868816375732422 1.5574288368225097656 1.401238560676574707 1.5289063453674316406 1.4228817224502563477 1.2748676538467407227 1.1658960580825805664 1.3944456577301025391 1.3271859884262084961 1.2947744131088256836 1.1577330827713012695 1.2483887672424316406 1.0684951543807983398 1.2963418960571289063 1.2823543548583984375 1.4286066293716430664 1.3912832736968994141 1.1783094406127929688
1.3463999032974243164 1.4279789924621582031 1.4733587503433227539 1.4444315433502197266 1.4206931591033935547 1.3804012537002563477 1.8594095706939697266 1.6784088611602783203 1.7868582010269165039 1.5182639360427856445 1.599017024040222168 1.6771200895309448242 1.4437764883041381836 1.7332961559295654297 1.6775642633438110352 1.6050027608871459961 1.6127389669418334961 1.715582728385925293 1.6596945524215698242 1.5561678409576416016 1.4444053173065185547 1.5212872028350830078 1.6546427011489868164 1.7022284269332885742 1.4501445293426513672 1.5367990732192993164 1.4944161176681518555 1.2946355342864990234 1.1098458766937255859 1.1732425689697265625 1.2990535497665405273 1.3078256845474243164 1.3321638107299804688 1.2767232656478881836 1 1.2424945831298828125 1.4461692571640014648 1.2067252397537231445 1.1094336509704589844 1.2844585180282592773
1.1985105276107788086 1.7384395599365234375 1.4876281023025512695 1.24372100830078125 1.4323104619979858398 1.5375522375106811523 1.680094599723815918 1.5875782966613769531 1.7355322837829589844 1.7032526731491088867 1.5474753379821777344 1.6595015525817871094 1.7336977720260620117 1.5464006662368774414 1.7125238180160522461 1.7038881778717041016 1.6774982213973999023 1.4217131137847900391 1.7467701435089111328 1.4526262283325195313 1.4412188529968261719 1.548552393913269043 1.6174094676971435547 1.4502215385437011719 1.6057729721069335938 1.439023137092590332 1.4166122674942016602 1.5525584220886230469 1.2468326091766357422 1.379954218864440918 1.4663201570510864258 1.3381826877593994141 1.3689250946044921875 1.1645576953887939453 1.3588689565658569336 1.4227014780044555664 1.3713496923446655273 1.2310452461242675781 1.2139284610748291016 1.4612343311309814453
1.494037628173828125 1.3834995031356811523 1.4120796918869018555 1.2455070018768310547 1.5503162145614624023 1.8149360418319702148 1.8593746423721313477 1.6163015365600585938 1.7206963300704956055 1.9393796920776367188 1.4869486093521118164 2.0467438697814941406 2.0071001052856445313 1.5402301549911499023 1.4145934581756591797 1.4438183307647705078 1.6112558841705322266 1.5191354751586914063 1.481148838996887207 1.4291229248046875 1.4098454713821411133 1.4833873510360717773 1.5223972797393798828 1.4028823375701904297 1.3714861869812011719 1.3313207626342773438 1.5116832256317138672 1.3718727827072143555 1.2509732246398925781 1.5085045099258422852 1.4920250177383422852 1.4972923994064331055 1.2949444055557250977 1.1716930866241455078 1.2301439046859741211 1.4443696737289428711 1.5362266302108764648 1.2593232393264770508 1.2800797224044799805 1.287610173225402832
1.2968657016754150391 1.2934080362319946289 1.2532500028610229492 1.3737159967422485352 1.526592254638671875 1.722327113151550293 1.5552223920822143555 1.4759639501571655273 1.5045807361602783203 1.7567574977874755859 1.6573333740234375 1.5751979351043701172 1.3651207685470581055 1.4721486568450927734 1.3186824321746826172 1.3418334722518920898 1.298869013786315918 1.4158774614334106445 1.2929868698120117188 1.2363501787185668945 1.5923564434051513672 1.4795676469802856445 1.5202002525329589844 1.3706476688385009766 1.2484024763107299805 1.4730428457260131836 1.4712325334548950195 1.7157166004180908203 1.5285818576812744141 1.4761040210723876953 1.5853011608123779297 1.7188515663146972656 1.6666042804718017578 1.6194709539413452148 1.4463468790054321289 1.3562499284744262695 1.2687938213348388672 1.4672397375106811523 1.2882456779479980469 1.3460558652877807617
1.2587602138519287109 1.0424751043319702148 1.1314622163772583008 1.3842848539352416992 1.7179940938949584961 1.4696898460388183594 1.8069214820861816406 1.6987252235412597656 1.4902077913284301758 1.6548948287963867188 1.4274046421051025391 1.4635288715362548828 1.2645696401596069336 1.3685032129287719727 1.4985584020614624023 1.3774855136871337891 1.4798977375030517578 1.4103542566299438477 1.4960039854049682617 1.3050830364227294922 1.6388338804244995117 1.4998939037322998047 1.3258271217346191406 1.4403504133224487305 1.3557076454162597656 1.6811826229095458984 1.6679601669311523438 1.5716576576232910156 1.5294809341430664063 1.3360534906387329102 1.7337106466293334961 1.6140627861022949219 1.5020427703857421875 1.5144799947738647461 1.7789276838302612305 1.3626477718353271484 1.6188614368438720703 1.6401749849319458008 1.5222234725952148438 1.6686648130416870117
1.2038404941558837891 1.1105192899703979492 1.2409532070159912109 1.5272388458251953125 1.4334242343902587891 1.4659845829010009766 1.7857354879379272461 1.7035046815872192383 1.5123006105422973633 1.296662449836730957 1.3902627229690551758 1.1891580820083618164 1.0661842823028564453 1.317755579948425293 1.3256890773773193359 1.4442479610443115234 1.3144919872283935547 1.4501602649688720703 1.4496959447860717773 1.52496337890625 1.4173463582992553711 1.6754192113876342773 1.4592241048812866211 1.2855732440948486328 1.176691889762878418 1.2915635108947753906 1.1643172502517700195 1.5396287441253662109 1.5745836496353149414 1.4554495811462402344 1.8053416013717651367 1.9064222574234008789 1.7363740205764770508 1.5756722688674926758 1.5535813570022583008 1.5197484493255615234 1.3377975225448608398 1.7978332042694091797 1.5391471385955810547 1.3053413629531860352
1.4528098106384277344 1.2667710781097412109 1.3531135320663452148 1.4685262441635131836 1.2952935695648193359 1.5284904241561889648 1.8500844240188598633 1.9627028703689575195 1.4905446767807006836 1.2705278396606445313 1.2405928373336791992 1.0622185468673706055 1.2216579914093017578 1.2770812511444091797 1.4243026971817016602 1.3658020496368408203 1.3182677030563354492 1.4696209430694580078 1.4533243179321289063 1.3832466602325439453 1.5373560190200805664 1.3759725093841552734 1.3056412935256958008 1.1605181694030761719 1.253887176513671875 1.3852345943450927734 1.1042163372039794922 1.5023761987686157227 1.876969456672668457 1.675837397575378418 1.7723997831344604492 1.8990600109100341797 1.8157372474670410156 1.5976043939590454102 1.4036188125610351563 1.4843677282333374023 1.5289913415908813477 1.3961244821548461914 1.6543229818344116211 1.3954499959945678711
1.566577911376953125 1.3105210065841674805 1.2523111104965209961 1.4755024909973144531 1.5250315666198730469 1.5753953456878662109 1.7680590152740478516 1.8567028045654296875 1.6392407417297363281 1.3334406614303588867 1.171283721923828125 1.1655066013336181641 1.133908390998840332 1.1755110025405883789 1.3327183723449707031 1.2288985252380371094 1.3535053730010986328 1.5785425901412963867 1.3731770515441894531 1.5681110620498657227 1.1622191667556762695 1.3839015960693359375 1.5661463737487792969 1.2944941520690917969 1.4267483949661254883 1.2907613515853881836 1.4625988006591796875 1.5871354341506958008 1.7805525064468383789 1.5959508419036865234 1.7657314538955688477 1.7128888368606567383 1.3614995479583740234 1.4599547386169433594 1.3894749879837036133 1.4810800552368164063 1.4848892688751220703 1.3789299726486206055 1.410082697868347168 1.3814511299133300781
1.3105090856552124023 1.2702112197875976563 1.2581604719161987305 1.2515975236892700195 1.3318799734115600586 1.367724299430847168 1.5202211141586303711 1.3992288112640380859 1.3384338617324829102 1.3094502687454223633 1.325448155403137207 1.1488796472549438477 1.0767110586166381836 1.2642853260040283203 1.4219129085540771484 1.3491261005401611328 1.2123897075653076172 1.3549333810806274414 1.4424419403076171875 1.3154093027114868164 1.2705384492874145508 1.0311853885650634766 1.4753181934356689453 1.596345067024230957 1.62227630615234375 1.3125865459442138672 1.5983291864395141602 1.377631068229675293 1.7391010522842407227 1.3167679309844970703 1.3834974765777587891 1.1816440820693969727 1.1771678924560546875 1.1154004335403442383 1.275095820426940918 1.2991938591003417969 1.5446493625640869141 1.2414153814315795898 1.1268324851989746094 1.4546681642532348633
1.3649899959564208984 1.384089350700378418 1.2983059883117675781 1.2407363653182983398 1.3429913520812988281 1.4135199785232543945 1.8313001394271850586 1.3750107288360595703 1.2945637702941894531 1.2869268655776977539 1.2687180042266845703 1.0958691835403442383 1.2093056440353393555 1.3700115680694580078 1.6524288654327392578 1.5462757349014282227 1.3118128776550292969 1.2682373523712158203 1.3143639564514160156 1.5843220949172973633 1.5457270145416259766 1.5272505283355712891 1.5395779609680175781 1.3791069984436035156 1.8705595731735229492 1.4495310783386230469 1.6087372303009033203 1.3225345611572265625 1.4792124032974243164 1.6312559843063354492 1.2831406593322753906 1.1862699985504150391 1.3134962320327758789 1.2717348337173461914 1.2092795372009277344 1.3087372779846191406 1.3697251081466674805 1.3098646402359008789 1.5034508705139160156 1.4071881771087646484
1.3047815561294555664 1.3351986408233642578 1.4605423212051391602 1.1483236551284790039 1.3686884641647338867 1.6713750362396240234 1.7496774196624755859 1.3693526983261108398 1.2777984142303466797 1.2066501379013061523 1.2232664823532104492 1.2213938236236572266 1.2457623481750488281 1.3344014883041381836 1.2517889738082885742 1.396693110466003418 1.2870659828186035156 1.2241222858428955078 1.4298505783081054688 1.4841525554656982422 1.6137561798095703125 1.3822520971298217773 1.3831981420516967773 1.5662407875061035156 1.4921324253082275391 1.5673236846923828125 1.468532562255859375 1.4374252557754516602 1.4146962165832519531 1.3258546590805053711 1.3503348827362060547 1.3724262714385986328 1.3417050838470458984 1.3635685443878173828 1.4757813215255737305 1.4736407995223999023 1.6004614830017089844 1.5535629987716674805 1.5606733560562133789 1.469451904296875
1.4287130832672119141 1.3028794527053833008 1.4284236431121826172 1.3653359413146972656 1.5149198770523071289 1.674933314323425293 1.4764777421951293945 1.5571924448013305664 1.4671609401702880859 1.2886162996292114258 1.2380670309066772461 1.6134588718414306641 1.3377561569213867188 1.441403508186340332 1.4148031473159790039 1.3429701328277587891 1.2570215463638305664 1.2272199392318725586 1.4772816896438598633 1.4568864107131958008 1.3811435699462890625 1.3469765186309814453 1.4433372020721435547 1.4288542270660400391 1.439896702766418457 1.2976397275924682617 1.3752461671829223633 1.4236954450607299805 1.308755040168762207 1.6495620012283325195 1.4205969572067260742 1.2615140676498413086 1.5247210264205932617 1.4116061925888061523 1.2377088069915771484 1.3591740131378173828 1.5143774747848510742 1.5784507989883422852 1.61751556396484375 1.5051363706588745117
