inst/extdata/vignette-results/all_comb/rep_1/single.surface/continuous.asc
ncols        50
nrows        50
xllcorner    0.000000000000
yllcorner    0.000000000000
cellsize     0.500000000000
NODATA_value nan
[rows 19 to 37 of 50, columns 0 to 42 of 50]
378.800201416015625 325.462615966796875 327.957366943359375 247.383758544921875 339.000457763671875 389.99896240234375 412.17303466796875 448.55035400390625 412.7325439453125 394.1959228515625 429.871429443359375 473.479736328125 392.380767822265625 324.1611328125 444.031158447265625 344.1016845703125 382.5489501953125 430.45458984375 408.09552001953125 515.1385498046875 479.7115478515625 430.448333740234375 486.918731689453125 398.03265380859375 344.9432373046875 242.622589111328125 319.006134033203125 349.257537841796875 371.74462890625 364.35821533203125 414.55291748046875 437.73809814453125 412.9649658203125 370.3353271484375 98.77579498291015625 292.4119873046875 463.57537841796875 446.529754638671875 370.927978515625 339.859130859375 254.9525299072265625 225.3308563232421875 420.243316650390625
420.1405029296875 372.02337646484375 433.766448974609375 342.544769287109375 395.487213134765625 350.121246337890625 421.81500244140625 460.5440673828125 393.514373779296875 421.246368408203125 375.054534912109375 516.94927978515625 436.219635009765625 370.23089599609375 396.6658935546875 379.16290283203125 446.656280517578125 362.12530517578125 393.7852783203125 429.52471923828125 408.63983154296875 493.42156982421875 498.22576904296875 390.8514404296875 349.15313720703125 363.952880859375 384.955535888671875 402.926513671875 453.23876953125 441.461700439453125 398.85369873046875 368.5142822265625 429.26080322265625 330.477783203125 136.61370849609375 283.97674560546875 435.086090087890625 357.86163330078125 382.134979248046875 365.70892333984375 304.51531982421875 306.634918212890625 440.812957763671875
364.900543212890625 385.50823974609375 389.3231201171875 439.21795654296875 432.94293212890625 470.4466552734375 444.255340576171875 375.00701904296875 422.697509765625 407.70404052734375 387.83990478515625 386.083404541015625 383.54901123046875 462.728790283203125 433.85064697265625 281.6109619140625 407.218414306640625 365.652130126953125 391.771026611328125 447.64208984375 404.290985107421875 459.70654296875 456.50518798828125 424.3555908203125 396.445037841796875 221.5718994140625 327.558502197265625 367.179443359375 458.7926025390625 209.6022491455078125 347.96221923828125 397.571441650390625 419.201171875 436.990142822265625 384.88616943359375 404.37652587890625 277.899810791015625 233.7905426025390625 142.2035064697265625 262.198638916015625 264.82025146484375 410.155029296875 453.963470458984375
356.468414306640625 323.7774658203125 203.924163818359375 364.098175048828125 388.2547607421875 429.347930908203125 446.813140869140625 385.782958984375 367.748382568359375 434.140228271484375 456.455291748046875 474.241424560546875 393.156768798828125 463.267364501953125 411.107818603515625 397.15618896484375 446.128204345703125 440.804168701171875 361.437835693359375 407.2835693359375 379.436279296875 383.365081787109375 445.013946533203125 397.795684814453125 292.0830078125 277.442138671875 241.6632537841796875 353.765594482421875 392.345123291015625 411.194854736328125 412.496124267578125 476.523223876953125 447.105072021484375 437.832122802734375 496.6580810546875 485.261199951171875 337.366241455078125 363.13055419921875 312.611663818359375 313.95025634765625 273.309051513671875 324.704376220703125 367.854034423828125
430.86590576171875 403.0028076171875 348.705078125 415.81793212890625 413.208709716796875 431.64080810546875 424.28173828125 158.6374053955078125 413.016326904296875 429.509063720703125 446.169891357421875 461.435821533203125 421.680877685546875 386.7237548828125 421.62158203125 364.02593994140625 394.228057861328125 424.848480224609375 373.290802001953125 342.710662841796875 360.038482666015625 312.126708984375 504.029815673828125 429.6201171875 245.4764251708984375 242.950836181640625 322.61444091796875 307.6234130859375 397.745330810546875 448.786285400390625 499.603515625 452.417999267578125 464.430633544921875 472.108673095703125 522.16180419921875 478.986541748046875 421.711578369140625 479.384979248046875 470.049591064453125 385.56982421875 367.750579833984375 261.958038330078125 383.76214599609375
475.334625244140625 434.416473388671875 413.938262939453125 342.594390869140625 412.367706298828125 476.623779296875 336.89739990234375 304.70166015625 340.24603271484375 429.736968994140625 470.59710693359375 413.51507568359375 446.018157958984375 413.39544677734375 431.593902587890625 409.98443603515625 243.4734039306640625 262.2247314453125 266.4661865234375 268.996978759765625 294.132080078125 442.41162109375 502.713287353515625 455.704742431640625 424.487640380859375 338.054046630859375 266.465057373046875 463.706939697265625 421.001312255859375 446.858306884765625 441.19671630859375 480.4140625 466.837646484375 498.79058837890625 477.638641357421875 489.79656982421875 407.20770263671875 488.0574951171875 470.4324951171875 379.4891357421875 396.784027099609375 310.421905517578125 356.01776123046875
492.857330322265625 500.8873291015625 468.63372802734375 426.269439697265625 418.939361572265625 362.09088134765625 434.2919921875 335.4732666015625 316.6314697265625 365.141571044921875 458.519989013671875 401.1754150390625 445.731414794921875 429.495208740234375 458.05609130859375 398.947967529296875 266.30230712890625 243.0563201904296875 301.7764892578125 403.536102294921875 345.985870361328125 231.566253662109375 408.111419677734375 438.960418701171875 432.16375732421875 351.958404541015625 368.830413818359375 398.438140869140625 354.99810791015625 462.62481689453125 495.922210693359375 510.063262939453125 530.10211181640625 493.1673583984375 515.05999755859375 500.8936767578125 447.7569580078125 443.856109619140625 477.187530517578125 493.4378662109375 436.80126953125 425.030517578125 401.389617919921875
467.4859619140625 479.443939208984375 454.281951904296875 461.511199951171875 431.645263671875 415.583221435546875 421.539093017578125 428.686431884765625 358.028076171875 410.29998779296875 409.900543212890625 435.593505859375 408.915863037109375 435.80523681640625 427.901397705078125 320.20721435546875 298.761322021484375 250.217010498046875 367.931671142578125 448.088714599609375 460.164886474609375 299.6141357421875 351.06915283203125 457.108489990234375 409.251556396484375 407.275054931640625 346.06884765625 378.482513427734375 388.566375732421875 354.570220947265625 474.196319580078125 498.467315673828125 499.0684814453125 551.59521484375 529.12127685546875 481.844635009765625 493.102142333984375 418.64892578125 465.006378173828125 519.615478515625 520.866943359375 493.356658935546875 379.25830078125
510.16815185546875 526.3873291015625 468.705474853515625 441.84161376953125 424.420135498046875 443.632904052734375 425.64398193359375 396.775726318359375 382.783233642578125 381.309539794921875 457.40155029296875 375.10662841796875 417.443084716796875 453.7926025390625 343.69451904296875 429.21295166015625 352.983489990234375 339.476348876953125 416.360626220703125 479.058013916015625 375.142913818359375 363.653717041015625 388.9000244140625 431.245880126953125 470.54681396484375 459.04107666015625 421.241790771484375 448.382537841796875 332.35748291015625 376.156158447265625 436.978851318359375 383.144134521484375 495.84246826171875 490.41082763671875 474.792724609375 501.9041748046875 474.4381103515625 464.82904052734375 483.224884033203125 503.4549560546875 462.882080078125 381.848663330078125 433.2191162109375
420.653106689453125 437.623199462890625 480.719940185546875 431.64605712890625 456.995697021484375 259.9757080078125 356.60467529296875 344.174560546875 324.083099365234375 431.683685302734375 347.712982177734375 301.4442138671875 326.391998291015625 453.51202392578125 373.823455810546875 439.876068115234375 363.3460693359375 369.97003173828125 434.779144287109375 423.962890625 419.710784912109375 361.312835693359375 366.094512939453125 425.673583984375 524.2822265625 395.30975341796875 400.225982666015625 426.541351318359375 358.23956298828125 264.860198974609375 438.0325927734375 436.8818359375 489.2459716796875 389.691436767578125 426.8681640625 412.022613525390625 415.376617431640625 402.022796630859375 485.318084716796875 495.952789306640625 420.66998291015625 437.6602783203125 415.4862060546875
450.670928955078125 375.56414794921875 478.462921142578125 442.8385009765625 416.220794677734375 385.346649169921875 383.304534912109375 454.88995361328125 435.472320556640625 250.7725982666015625 301.6583251953125 329.85369873046875 330.2984619140625 397.295745849609375 408.3685302734375 495.947601318359375 409.627685546875 298.188079833984375 351.42486572265625 352.84759521484375 394.6640625 440.84356689453125 396.861419677734375 389.0047607421875 439.602874755859375 412.37384033203125 376.57586669921875 326.100799560546875 343.605438232421875 244.00128173828125 363.867950439453125 334.084747314453125 382.94549560546875 357.29559326171875 339.356353759765625 429.561309814453125 396.30108642578125 334.667144775390625 445.015838623046875 482.219879150390625 469.26629638671875 454.314453125 456.504119873046875
398.261138916015625 311.657745361328125 456.7142333984375 464.005889892578125 312.83056640625 386.85028076171875 388.36895751953125 422.205780029296875 377.0372314453125 399.57965087890625 376.354278564453125 397.041046142578125 392.8385009765625 424.57916259765625 448.157135009765625 463.419952392578125 391.19732666015625 386.005645751953125 290.411285400390625 342.816375732421875 348.558624267578125 473.51617431640625 392.069061279296875 383.84466552734375 307.8359375 400.997772216796875 397.368072509765625 450.210906982421875 392.453033447265625 329.8477783203125 333.055450439453125 248.8018341064453125 252.961181640625 337.779571533203125 380.520416259765625 390.32940673828125 341.725067138671875 424.75347900390625 455.6724853515625 464.409759521484375 504.266845703125 467.292694091796875 440.468963623046875
454.220245361328125 458.0543212890625 482.0267333984375 489.756256103515625 401.925384521484375 340.012298583984375 476.639678955078125 473.214935302734375 455.107666015625 416.578338623046875 413.28021240234375 381.33111572265625 335.412811279296875 445.071990966796875 480.134979248046875 519.6959228515625 394.93231201171875 305.25408935546875 245.5308380126953125 388.31671142578125 441.759613037109375 407.475555419921875 363.3653564453125 432.84234619140625 339.413604736328125 394.269866943359375 418.896331787109375 478.1153564453125 343.913177490234375 343.01312255859375 234.0317230224609375 84.42440032958984375 244.9288330078125 162.5139007568359375 377.586212158203125 454.988006591796875 394.9710693359375 358.80291748046875 459.358367919921875 393.254974365234375 451.00970458984375 493.617584228515625 455.158843994140625
452.27764892578125 400.434051513671875 404.890594482421875 478.871185302734375 391.547210693359375 423.8267822265625 443.140350341796875 508.583770751953125 450.66143798828125 405.84442138671875 394.406036376953125 463.184906005859375 341.212127685546875 391.7476806640625 413.2569580078125 447.390533447265625 374.059112548828125 368.678314208984375 305.39959716796875 398.505889892578125 368.198150634765625 383.43402099609375 434.5196533203125 429.046875 351.420074462890625 352.707794189453125 441.58416748046875 435.972015380859375 424.347259521484375 356.639862060546875 386.27215576171875 301.63787841796875 214.8328704833984375 369.993072509765625 350.63629150390625 340.313079833984375 405.49664306640625 395.939453125 443.00201416015625 419.3238525390625 476.830780029296875 465.318878173828125 445.925323486328125
442.74420166015625 430.032257080078125 420.136260986328125 503.1663818359375 479.39398193359375 469.89910888671875 444.139068603515625 484.597747802734375 449.193115234375 478.440948486328125 447.867767333984375 441.9417724609375 433.038055419921875 389.38970947265625 398.398406982421875 439.084503173828125 369.2166748046875 358.4683837890625 360.04376220703125 397.2987060546875 430.550933837890625 478.352630615234375 411.3673095703125 396.292572021484375 359.31671142578125 468.912353515625 403.92236328125 371.738311767578125 420.149688720703125 417.473358154296875 468.50048828125 312.889251708984375 330.416534423828125 367.588897705078125 379.402923583984375 451.879913330078125 336.286529541015625 385.873504638671875 392.83544921875 451.022247314453125 466.33258056640625 479.399658203125 464.448028564453125
305.72674560546875 354.57122802734375 465.783294677734375 490.117156982421875 439.882476806640625 448.6541748046875 481.31695556640625 444.744049072265625 443.459808349609375 452.54913330078125 452.9173583984375 469.87445068359375 453.56658935546875 424.26043701171875 364.554412841796875 419.15899658203125 361.1524658203125 397.35064697265625 434.5120849609375 438.629241943359375 400.116485595703125 434.79132080078125 465.618743896484375 404.7484130859375 429.945770263671875 508.15533447265625 424.0323486328125 401.862548828125 389.584442138671875 430.502044677734375 432.94415283203125 406.618560791015625 407.141387939453125 463.00445556640625 455.22979736328125 465.947052001953125 390.576263427734375 312.3448486328125 396.488739013671875 431.490203857421875 407.38031005859375 436.076385498046875 452.341552734375
427.76995849609375 418.025604248046875 348.869964599609375 470.7093505859375 475.305389404296875 428.643218994140625 374.26422119140625 433.907470703125 485.62152099609375 499.150421142578125 469.163055419921875 488.496795654296875 466.746002197265625 385.385955810546875 366.337188720703125 384.527801513671875 448.71624755859375 392.030670166015625 464.17236328125 377.442230224609375 410.995880126953125 380.237030029296875 447.13983154296875 481.547760009765625 438.338653564453125 500.5784912109375 490.796234130859375 377.272491455078125 331.203948974609375 421.228790283203125 349.109039306640625 395.095794677734375 446.0980224609375 450.530792236328125 436.84619140625 370.277496337890625 453.391571044921875 444.949127197265625 398.2724609375 385.383819580078125 490.828155517578125 430.162139892578125 401.75347900390625
414.467193603515625 445.578643798828125 347.32568359375 408.7764892578125 409.895843505859375 349.698028564453125 414.11700439453125 422.755218505859375 495.47857666015625 508.534454345703125 497.718109130859375 446.54119873046875 476.437103271484375 426.672088623046875 420.720001220703125 492.880615234375 447.37548828125 393.147705078125 376.32073974609375 239.720428466796875 368.412445068359375 359.754913330078125 462.498199462890625 456.22113037109375 484.2457275390625 377.7808837890625 489.383087158203125 418.703887939453125 340.48583984375 370.805633544921875 277.71978759765625 405.979583740234375 506.543060302734375 405.8759765625 343.29071044921875 321.352508544921875 431.369598388671875 461.788818359375 418.76898193359375 345.77386474609375 430.617919921875 438.67877197265625 321.590728759765625
444.74139404296875 388.009307861328125 374.267059326171875 403.014007568359375 380.3150634765625 293.78875732421875 413.171234130859375 366.002716064453125 419.182159423828125 492.838134765625 507.87982177734375 419.934173583984375 452.095733642578125 354.864013671875 440.47900390625 483.102325439453125 469.453216552734375 383.697265625 374.16668701171875 336.089691162109375 405.54193115234375 429.215057373046875 498.646240234375 419.975921630859375 385.997222900390625 401.03765869140625 407.479583740234375 393.486175537109375 382.125152587890625 369.337249755859375 345.945953369140625 443.3868408203125 306.493255615234375 388.225738525390625 410.949920654296875 400.83758544921875 357.282135009765625 424.8826904296875 453.196807861328125 385.35125732421875 404.41607666015625 354.07977294921875 351.282470703125
