0,11.9135078383567,21.0694880940836,29.1036513712266,37.5166670512487,9.30249026298853,14.4678222238988,22.7882716742963,30.6549765207907,38.8900718042081,17.6303477317282,21.3084270246105,26.3111651485383,35.3148945888863,42.8519130332158,26.5389299142032,28.8532136890145,32.1383859025637,37.2355715462266,45.1069396898001,36.3989194723744,39.7467452162019,42.5515448788146,46.3676715214238,50.9867564752932
11.9135078383567,0,9.15598025572688,17.1901435328699,25.603159212892,14.3811178437433,8.61725085626387,11.9885949302758,19.7460855592755,27.9811808426929,21.2853137927689,17.2765028431804,20.1696351766805,25.2291777745072,32.0126143742467,27.9215868175322,25.6326181260386,27.7593497257202,31.8637027427649,38.2779457567889,37.2074595327338,37.2427049736425,38.2261477200253,41.9563161200696,45.9226124073555
21.0694880940836,9.15598025572688,0,8.37053133865358,16.9166458733839,23.1472028714971,12.3292102227187,9.60682959455466,12.0442660188814,19.7181948210524,26.6081937354891,19.720002838961,18.0421430865156,20.6690208335709,24.3521988342473,32.7095381856794,27.887578559203,25.6318576355553,28.4794557709266,32.1550906267956,41.626623964953,39.1838150151407,36.7027798257981,39.2447936867611,42.8709502949326
29.1036513712266,17.1901435328699,8.37053133865358,0,8.54611453473034,31.0804027013918,19.8689605968576,12.2660552269123,8.59796634316676,12.4630924412374,34.0836343757017,23.970003677944,18.5970109437158,18.0644215394416,20.7850252985524,37.5865762039487,31.1876571189059,26.1867254927555,27.4452884164403,28.9914066504621,45.876624803936,39.7386828723409,37.2576476829983,38.6179869482593,40.7295557102587
37.5166670512487,25.603159212892,16.9166458733839,8.54611453473034,0,39.6265172361221,28.415075131588,20.0051515904207,12.6552162106842,8.9311128669767,42.2775125201075,31.2275047187202,23.3480096168233,21.1878085834406,18.5666830622867,45.0491427878932,35.9386557920133,30.937724165863,29.6447289686121,27.0663936536065,51.1533744179573,44.4896815454483,42.0086463561057,39.4086193361939,38.8642990244046
9.30249026298853,14.3811178437433,23.1472028714971,31.0804027013918,39.6265172361221,0,12.0558578402072,20.6088443182023,28.4755491646967,36.710644448114,8.32785746873971,14.3968486575221,22.7301902068327,32.6699272758169,40.2069457201465,17.2364396512147,20.7567950844507,25.4950016550906,33.0787408952048,40.9501090387783,27.0964292093859,31.023761671311,34.9205221622553,39.8463639920666,45.5565141579625
14.4678222238988,8.61725085626387,12.3292102227187,19.8689605968576,28.415075131588,12.0558578402072,0,8.55298647799507,16.4196913244894,24.6547866079068,14.4898032269542,8.65925198691658,12.9593701742196,21.079609392585,28.6166278369145,20.3803279629607,17.0153672697747,19.3479234933971,23.8837765719079,31.7551447154814,29.6662006781623,28.6254541173787,29.7610824696479,33.5772091122571,37.8793138609945
22.7882716742963,11.9885949302758,9.60682959455466,12.2660552269123,20.0051515904207,20.6088443182023,8.55298647799507,0,7.86670484649438,16.1018001299117,22.7446022428156,12.048808542006,8.43531349196097,13.2405828442313,20.1332336614655,26.1185445991051,20.2163842622481,16.0250280410007,19.9398420730474,26.3540850870714,33.9554296679981,29.576985420586,27.0959502312434,30.2219944353501,34.188290722636
30.6549765207907,19.7460855592755,12.0442660188814,8.59796634316676,12.6552162106842,28.4755491646967,16.4196913244894,7.86670484649438,0,8.23509528341734,30.0527382855343,19.002730484147,10.7701392129746,9.80319144838034,12.3079328153659,32.82436855332,23.3607853881646,18.3598537620143,19.4999549638718,20.5143141672756,38.5755040141086,31.9118111415996,29.430775952257,30.6810216997816,32.2524632270723
38.8900718042081,27.9811808426929,19.7181948210524,12.4630924412374,8.9311128669767,36.710644448114,24.6547866079068,16.1018001299117,8.23509528341734,0,38.2302765610642,27.1802687596769,18.9476774885045,14.5035923157502,10.119231335216,41.0019068288499,31.5383236636945,26.3511509330093,21.4588251509026,18.7705793200256,46.7530422896385,39.9553015153486,35.2217101120947,31.2227155184844,30.5684846908237
17.6303477317282,21.2853137927689,26.6081937354891,34.0836343757017,42.2775125201075,8.32785746873971,14.4898032269542,22.7446022428156,30.0527382855343,38.2302765610642,0,11.0500078013873,19.3833493506979,29.4090281580464,39.9454841486124,8.90858218247495,15.45816083097,22.0871004538337,29.670839693948,37.5422078375215,18.7685717406462,23.1680922005242,28.82433792913,36.4384627908098,42.1486129567057
21.3084270246105,17.2765028431804,19.720002838961,23.970003677944,31.2275047187202,14.3968486575221,8.65925198691658,12.048808542006,19.002730484147,27.1802687596769,11.0500078013873,0,8.33334154931056,18.3590203566591,28.8954763472251,14.0732495511383,8.35611528285816,12.1470342922423,18.985493894064,26.8568620376375,22.0577808416308,19.9662021304621,21.9360140678142,26.4983966292184,31.9011325167678
26.3111651485383,20.1696351766805,18.0421430865156,18.5970109437158,23.3480096168233,22.7301902068327,12.9593701742196,8.43531349196097,10.7701392129746,18.9476774885045,19.3833493506979,8.33334154931056,0,10.0256788073485,20.5621347979145,22.1549796184836,12.5906461751901,7.58971454903973,11.7574399415884,19.6288080851618,27.805364801134,21.1416719286251,18.6606367392825,21.7866809433891,25.752977230675
35.3148945888863,25.2291777745072,20.6690208335709,18.0644215394416,21.1878085834406,32.6699272758169,21.079609392585,13.2405828442313,9.80319144838034,14.5035923157502,29.4090281580464,18.3590203566591,10.0256788073485,0,10.9037330240122,31.7995605241942,21.4015147980954,13.5725478841982,9.77059731008082,14.0377514327216,35.8699800965538,27.2841575505328,23.1689144124842,21.3797096548766,23.3010857512059
42.8519130332158,32.0126143742467,24.3521988342473,20.7850252985524,18.5666830622867,40.2069457201465,28.6166278369145,20.1332336614655,12.3079328153659,10.119231335216,39.9454841486124,28.8954763472251,20.5621347979145,10.9037330240122,0,41.2411872584493,29.9825790763428,21.2662609777336,13.0538529028227,8.6513479848096,43.8465983284871,33.7185690040424,26.7013723057647,22.7023777121544,20.4492533556077
26.5389299142032,27.9215868175322,32.7095381856794,37.5865762039487,45.0491427878932,17.2364396512147,20.3803279629607,26.1185445991051,32.82436855332,41.0019068288499,8.90858218247495,14.0732495511383,22.1549796184836,31.7995605241942,41.2411872584493,0,12.1130970526018,20.8294151512111,29.2267152685171,37.5122985433732,9.85998955817126,15.5764555636553,22.0720856915978,31.8038572205465,39.3326272027947
28.8532136890145,25.6326181260386,27.887578559203,31.1876571189059,35.9386557920133,20.7567950844507,17.0153672697747,20.2163842622481,23.3607853881646,31.5383236636945,15.45816083097,8.35611528285816,12.5906461751901,21.4015147980954,29.9825790763428,12.1130970526018,0,8.71631809860926,17.1136182159153,25.3992014907714,15.7704514652411,11.6100868476039,14.5506072004813,23.0676804355854,28.7778306014812
32.1383859025637,27.7593497257202,25.6318576355553,26.1867254927555,30.937724165863,25.4950016550906,19.3479234933971,16.0250280410007,18.3598537620143,26.3511509330093,22.0871004538337,12.1470342922423,7.58971454903973,13.5725478841982,21.2662609777336,20.8294151512111,8.71631809860926,0,8.39730011730599,16.6828833921621,22.6768881566312,14.2933311427104,11.0709221902427,14.5314810465374,20.2416312124333
37.2355715462266,31.8637027427649,28.4794557709266,27.4452884164403,29.6447289686121,33.0787408952048,23.8837765719079,19.9398420730474,19.4999549638718,21.4588251509026,29.670839693948,18.985493894064,11.7574399415884,9.77059731008082,13.0538529028227,29.2267152685171,17.1136182159153,8.39730011730599,0,8.28558327485613,30.8986713305311,20.9285201496006,14.4139121552158,11.6091123447958,14.5116118429992
45.1069396898001,38.2779457567889,32.1550906267956,28.9914066504621,27.0663936536065,40.9501090387783,31.7551447154814,26.3540850870714,20.5143141672756,18.7705793200256,37.5422078375215,26.8568620376375,19.6288080851618,14.0377514327216,8.6513479848096,37.5122985433732,25.3992014907714,16.6828833921621,8.28558327485613,0,39.1825152275575,28.8496348450496,21.2198606611915,14.996387178991,11.7979053707981
36.3989194723744,37.2074595327338,41.626623964953,45.876624803936,51.1533744179573,27.0964292093859,29.6662006781623,33.9554296679981,38.5755040141086,46.7530422896385,18.7685717406462,22.0577808416308,27.805364801134,35.8699800965538,43.8465983284871,9.85998955817126,15.7704514652411,22.6768881566312,30.8986713305311,39.1825152275575,0,11.0687694366088,19.2480733187472,28.9798448476959,38.4022383994342
39.7467452162019,37.2427049736425,39.1838150151407,39.7386828723409,44.4896815454483,31.023761671311,28.6254541173787,29.576985420586,31.9118111415996,39.9553015153486,23.1680922005242,19.9662021304621,21.1416719286251,27.2841575505328,33.7185690040424,15.5764555636553,11.6100868476039,14.2933311427104,20.9285201496006,28.8496348450496,11.0687694366088,0,8.17930388213842,17.9110754110872,27.3334689628254
42.5515448788146,38.2261477200253,36.7027798257981,37.2576476829983,42.0086463561057,34.9205221622553,29.7610824696479,27.0959502312434,29.430775952257,35.2217101120947,28.82433792913,21.9360140678142,18.6606367392825,23.1689144124842,26.7013723057647,22.0720856915978,14.5506072004813,11.0709221902427,14.4139121552158,21.2198606611915,19.2480733187472,8.17930388213842,0,9.73177152894874,19.154165080687
46.3676715214238,41.9563161200696,39.2447936867611,38.6179869482593,39.4086193361939,39.8463639920666,33.5772091122571,30.2219944353501,30.6810216997816,31.2227155184844,36.4384627908098,26.4983966292184,21.7866809433891,21.3797096548766,22.7023777121544,31.8038572205465,23.0676804355854,14.5314810465374,11.6091123447958,14.996387178991,28.9798448476959,17.9110754110872,9.73177152894874,0,9.42239355173828
50.9867564752932,45.9226124073555,42.8709502949326,40.7295557102587,38.8642990244046,45.5565141579625,37.8793138609945,34.188290722636,32.2524632270723,30.5684846908237,42.1486129567057,31.9011325167678,25.752977230675,23.3010857512059,20.4492533556077,39.3326272027947,28.7778306014812,20.2416312124333,14.5116118429992,11.7979053707981,38.4022383994342,27.3334689628254,19.154165080687,9.42239355173828,0
