inst/extdata/vignette-results/all_comb/rep_1/single.surface/continuous.asc
ncols        50
nrows        50
xllcorner    0.000000000000
yllcorner    0.000000000000
cellsize     0.500000000000
NODATA_value nan
[rows 18 to 35 of 50, columns 0 to 39 of 50]
1.4383623600006103516 1.2898073196411132813 1.4086513519287109375 1.2341604232788085938 1.2910846471786499023 1.4612514972686767578 1.6072188615798950195 1.3525214195251464844 1.2596604824066162109 1.2537631988525390625 1.3386583328247070313 1.6370801925659179688 1.3979032039642333984 1.366985321044921875 1.4778382778167724609 1.2584115266799926758 1.4040263891220092773 1.5570114850997924805 1.5440322160720825195 1.7706884145736694336 1.5152033567428588867 1.5987504720687866211 1.7624655961990356445 1.506352543830871582 1.3270608186721801758 1.3192793130874633789 1.2405704259872436523 1.4854477643966674805 1.17215728759765625 1.4310739040374755859 1.3612066507339477539 1.4154291152954101563 1.4740006923675537109 1.4516816139221191406 1.4334795475006103516 1.3020871877670288086 1.4889930486679077148 1.5529153347015380859 1.4769538640975952148 1.3703362941741943359
1.3747050762176513672 1.2713576555252075195 1.2754420042037963867 1.1683686971664428711 1.2942885160446166992 1.4017333984375 1.462800145149230957 1.5928194522857666016 1.4644904136657714844 1.4124730825424194336 1.5205236673355102539 1.714526057243347168 1.4077851772308349609 1.2692511081695556641 1.574076533317565918 1.3034435510635375977 1.3835009336471557617 1.5225881338119506836 1.4507215023040771484 2.0301527976989746094 1.7509399652481079102 1.5225659608840942383 1.7968442440032958984 1.4226056337356567383 1.3049825429916381836 1.1633168458938598633 1.2610657215118408203 1.3130058050155639648 1.3587903976440429688 1.3429658412933349609 1.4700464010238647461 1.5493612289428710938 1.4651950597763061523 1.3557071685791015625 1.0499420166015625 1.2224782705307006836 1.6620267629623413086 1.5843316316604614258 1.3569999933242797852 1.2958089113235473633
1.4876608848571777344 1.3594038486480712891 1.5345308780670166016 1.3006178140640258789 1.4158490896224975586 1.3146393299102783203 1.4931111335754394531 1.6471281051635742188 1.4107050895690917969 1.4912512302398681641 1.3661551475524902344 2.049022674560546875 1.543623805046081543 1.3554798364639282227 1.4189608097076416016 1.375545501708984375 1.584857940673828125 1.3383402824401855469 1.4114067554473876953 1.5193014144897460938 1.4523099660873413086 1.8422664403915405273 1.8786110877990722656 1.4038865566253662109 1.312808990478515625 1.3421208858489990234 1.3892785310745239258 1.4359900951385498047 1.6132186651229858398 1.5637978315353393555 1.4248145818710327148 1.35176849365234375 1.5183738470077514648 1.2796313762664794922 1.0739696025848388672 1.2113710641860961914 1.5393955707550048828 1.3297022581100463867 1.3825174570083618164 1.3457987308502197266
1.3441001176834106445 1.3906202316284179688 1.4000363349914550781 1.5550353527069091797 1.5315260887145996094 1.6977887153625488281 1.5749859809875488281 1.3660480976104736328 1.4960167407989501953 1.4495835304260253906 1.3963428735733032227 1.3920224905014038086 1.3858891725540161133 1.6578141450881958008 1.5348393917083740234 1.2083437442779541016 1.4481770992279052734 1.3456790447235107422 1.4062252044677734375 1.5889822244644165039 1.4398179054260253906 1.6431006193161010742 1.6280461549758911133 1.5015387535095214844 1.4183754920959472656 1.1422618627548217773 1.2747848033905029297 1.3489133119583129883 1.6387484073638916016 1.1311420202255249023 1.3105733394622802734 1.4213712215423583984 1.4846388101577758789 1.5465245246887207031 1.3891104459762573242 1.4400593042373657227 1.203669428825378418 1.1542367935180664063 1.0778017044067382813 1.1848431825637817383
1.3269332647323608398 1.2686332464218139648 1.1260645389556884766 1.3424234390258789063 1.3973716497421264648 1.5186798572540283203 1.5855114459991455078 1.3912892341613769531 1.3501269817352294922 1.5359026193618774414 1.6278157234191894531 1.7188268899917602539 1.4097812175750732422 1.6604893207550048828 1.4596042633056640625 1.4202637672424316406 1.5826658010482788086 1.5612097978591918945 1.3369305133819580078 1.4483654499053955078 1.3761804103851318359 1.3854485750198364258 1.5780791044235229492 1.4219708442687988281 1.2220356464385986328 1.2030991315841674805 1.1623125076293945313 1.3216347694396972656 1.4076937437057495117 1.4598643779754638672 1.4637752771377563477 1.7319560050964355469 1.5867303609848022461 1.5497193336486816406 1.8664717674255371094 1.7858974933624267578 1.2914174795150756836 1.3404139280319213867 1.2512500286102294922 1.2532747983932495117
1.5240510702133178711 1.4362030029296875 1.3119659423828125 1.4739592075347900391 1.4659353494644165039 1.5268228054046630859 1.5012910366058349609 1.0895394086837768555 1.4653508663177490234 1.5192464590072631836 1.5828384160995483398 1.6514581441879272461 1.4926716089248657227 1.3935908079147338867 1.4924775362014770508 1.3422729969024658203 1.412556767463684082 1.5031963586807250977 1.3622088432312011719 1.300917506217956543 1.3340811729431152344 1.2505202293395996094 1.9261170625686645508 1.5196373462677001953 1.1663312911987304688 1.1636614799499511719 1.2667688131332397461 1.2438398599624633789 1.4218361377716064453 1.5938221216201782227 1.8895145654678344727 1.6095740795135498047 1.6663237810134887695 1.7068840265274047852 2.1068587303161621094 1.7465556859970092773 1.492772221565246582 1.7489600181579589844 1.6956424713134765625 1.3907700777053833008
1.7250708341598510742 1.5369194746017456055 1.4681606292724609375 1.3007074594497680664 1.4633873701095581055 1.7325431108474731445 1.2905992269515991211 1.2395957708358764648 1.2964966297149658203 1.5200492143630981445 1.698604583740234375 1.4668681621551513672 1.582210540771484375 1.4665036201477050781 1.526654362678527832 1.4562652111053466797 1.164211273193359375 1.1848733425140380859 1.1898140907287597656 1.1928123235702514648 1.2248053550720214844 1.567566990852355957 1.9149705171585083008 1.624364018440246582 1.5019822120666503906 1.2926222085952758789 1.189812779426574707 1.6626849174499511719 1.4904525279998779297 1.5856997966766357422 1.562752842903137207 1.7552273273468017578 1.6786477565765380859 1.8830541372299194336 1.7385108470916748047 1.8164432048797607422 1.4481461048126220703 1.8045079708099365234 1.697711944580078125 1.3763033151626586914
1.8381601572036743164 1.899878382682800293 1.6880714893341064453 1.5080170631408691406 1.4838010072708129883 1.3382695913314819336 1.53646087646484375 1.2881283760070800781 1.2573778629302978516 1.344605565071105957 1.63745880126953125 1.4311399459838867188 1.5810265541076660156 1.5191975831985473633 1.6352730989456176758 1.425068974494934082 1.1896212100982666016 1.1637723445892333984 1.2354156970977783203 1.4376950263977050781 1.306901097297668457 1.1520075798034667969 1.4507677555084228516 1.5540419816970825195 1.5287047624588012695 1.3181447982788085938 1.352448582649230957 1.4236947298049926758 1.3240389823913574219 1.6572995185852050781 1.8608684539794921875 1.9802675247192382813 2.2065703868865966797 1.8404123783111572266 2.0293474197387695313 1.8999302387237548828 1.5894654989242553711 1.5733678340911865234 1.7358486652374267578 1.8423856496810913086
1.6820263862609863281 1.7493169307708740234 1.6178973913192749023 1.6518262624740600586 1.5268387794494628906 1.4732300043106079102 1.4922075271606445313 1.5163629055023193359 1.3300347328186035156 1.4571998119354248047 1.4560170173645019531 1.5412825345993041992 1.4531182050704956055 1.5420727729797363281 1.5136317014694213867 1.2629506587982177734 1.2311774492263793945 1.1714292764663696289 1.3505189418792724609 1.5908645391464233398 1.6453000307083129883 1.2323690652847290039 1.3164427280426025391 1.6308429241180419922 1.4541038274765014648 1.4483408927917480469 1.3070544004440307617 1.3739707469940185547 1.3981466293334960938 1.3232021331787109375 1.7185711860656738281 1.8805066347122192383 1.8852536678314208984 2.5803561210632324219 2.1933979988098144531 1.7640784978866577148 1.8399378061294555664 1.4828737974166870117 1.6692404747009277344 2.0779261589050292969
1.9812562465667724609 2.1580095291137695313 1.6884521245956420898 1.5653009414672851563 1.5017554759979248047 1.5724660158157348633 1.5058875083923339844 1.4192521572113037109 1.384058833122253418 1.3805657625198364258 1.6322079896926879883 1.3662724494934082031 1.4790496826171875 1.6156960725784301758 1.3027018308639526367 1.5182058811187744141 1.3201192617416381836 1.2951301336288452148 1.4756510257720947266 1.7469860315322875977 1.3663542270660400391 1.3414987325668334961 1.3989784717559814453 1.5254076719284057617 1.6983317136764526367 1.6399273872375488281 1.4912363290786743164 1.5921077728271484375 1.2827980518341064453 1.3686455488204956055 1.5464819669723510742 1.3849201202392578125 1.8602650165557861328 1.8207277059555053711 1.7219651937484741211 1.9082310199737548828 1.7199441194534301758 1.6683400869369506836 1.7727752923965454102 1.9212222099304199219
1.4893206357955932617 1.5489240884780883789 1.7571060657501220703 1.5268416404724121094 1.6303185224533081055 1.1822950839996337891 1.327202916145324707 1.3035764694213867188 1.2691253423690795898 1.5269767045974731445 1.3101075887680053711 1.2349451780319213867 1.2728720903396606445 1.6144391298294067383 1.3633954524993896484 1.5575853586196899414 1.3408603668212890625 1.3549129962921142578 1.5382585525512695313 1.5002233982086181641 1.4862751960754394531 1.3366749286651611328 1.3466123342514038086 1.5059878826141357422 2.1320149898529052734 1.4153831005096435547 1.4285389184951782227 1.5089466571807861328 1.3304578065872192383 1.187931060791015625 1.5504839420318603516 1.5461155176162719727 1.8126337528228759766 1.400960087776184082 1.5100671052932739258 1.4623471498489379883 1.4725893735885620117 1.4334784746170043945 1.7862691879272460938 1.8611001968383789063
1.6019212007522583008 1.367304682731628418 1.7434141635894775391 1.5692725181579589844 1.4752143621444702148 1.3902273178100585938 1.3853036165237426758 1.6206486225128173828 1.5408310890197753906 1.1720342636108398438 1.2352483272552490234 1.2785880565643310547 1.279331207275390625 1.4206355810165405273 1.4515172243118286133 1.8610608577728271484 1.4552114009857177734 1.2303795814514160156 1.317122340202331543 1.3198566436767578125 1.4136930704116821289 1.5613644123077392578 1.4194798469543457031 1.3992400169372558594 1.5565247535705566406 1.4634058475494384766 1.3695995807647705078 1.2723966836929321289 1.3025397062301635742 1.1647680997848510742 1.3419440984725952148 1.2857402563095092773 1.3844457864761352539 1.3285741806030273438 1.2949177026748657227 1.5194301605224609375 1.4179944992065429688 1.2867394685745239258 1.5780869722366333008 1.7664273977279663086
1.423218846321105957 1.2498165369033813477 1.6290131807327270508 1.6641845703125 1.2515801191329956055 1.3939015865325927734 1.397655487060546875 1.4943950176239013672 1.3706517219543457031 1.426779627799987793 1.3690955638885498047 1.419957280158996582 1.4089610576629638672 1.5022897720336914063 1.5911537408828735352 1.6612501144409179688 1.4047641754150390625 1.3918324708938598633 1.2197984457015991211 1.3011087179183959961 1.3116908073425292969 1.7147308588027954102 1.4069867134094238281 1.3865985870361328125 1.2441512346267700195 1.4306517839431762695 1.4208283424377441406 1.5999294519424438477 1.4079705476760864258 1.2785781621932983398 1.2839831113815307617 1.1698954105377197266 1.1744332313537597656 1.2921408414840698242 1.3787109851837158203 1.4025663137435913086 1.2991414070129394531 1.5028764009475708008 1.6242163181304931641 1.6662185192108154297
1.6176192760467529297 1.6352647542953491211 1.7652170658111572266 1.8161635398864746094 1.4332088232040405273 1.2960809469223022461 1.7326360940933227539 1.7130401134490966797 1.621638178825378418 1.4763320684432983398 1.4661529064178466797 1.3806166648864746094 1.2880239486694335938 1.5783166885375976563 1.7535194158554077148 2.0788199901580810547 1.4143941402435302734 1.2403928041458129883 1.1663891077041625977 1.3975255489349365234 1.5649760961532592773 1.4489210844039916992 1.3409003019332885742 1.5311607122421264648 1.2950190305709838867 1.4126654863357543945 1.4836634397506713867 1.7413402795791625977 1.3030998706817626953 1.3014649152755737305 1.15447998046875 1.0416133403778076172 1.165749669075012207 1.0924160480499267578 1.3719083070755004883 1.6210939884185791016 1.4144955873489379883 1.3315877914428710938 1.6414374113082885742 1.4100346565246582031
1.6089539527893066406 1.4291071891784667969 1.4415136575698852539 1.7458617687225341797 1.4056545495986938477 1.4997686147689819336 1.5704828500747680664 1.9664998054504394531 1.6018799543380737305 1.4442284107208251953 1.4130201339721679688 1.6600786447525024414 1.2982213497161865234 1.4061655998229980469 1.4660820960998535156 1.5879257917404174805 1.3639217615127563477 1.3521212339401245117 1.2406032085418701172 1.4238770008087158203 1.3510898351669311523 1.3856136798858642578 1.5372999906539916992 1.5176235437393188477 1.3171131610870361328 1.3195868730545043945 1.5642817020416259766 1.5426962375640869141 1.5015108585357666016 1.3272726535797119141 1.3924839496612548828 1.2352192401885986328 1.135930180549621582 1.3549629449844360352 1.3156177997589111328 1.2966159582138061523 1.4432361125946044922 1.4170395135879516602 1.5699278116226196289 1.4850320816040039063
1.5688951015472412109 1.5210918188095092773 1.4876470565795898438 1.9187810420989990234 1.7490146160125732422 1.6948316097259521484 1.5745140314102172852 1.7815833091735839844 1.5955569744110107422 1.7432827949523925781 1.5899323225021362305 1.5656982660293579102 1.5318719148635864258 1.4002032279968261719 1.423587799072265625 1.5545202493667602539 1.3532816171646118164 1.330916285514831543 1.3340919017791748047 1.4206434488296508789 1.5229302644729614258 1.7427551746368408203 1.4603801965713500977 1.4179719686508178711 1.3326220512390136719 1.6895513534545898438 1.4387795925140380859 1.3587764501571655273 1.4876904487609863281 1.4791451692581176758 1.6873655319213867188 1.2516685724258422852 1.2795288562774658203 1.3497862815856933594 1.3761028051376342773 1.6072019338607788086 1.2895367145538330078 1.391510009765625 1.4089531898498535156 1.6034487485885620117
1.2410768270492553711 1.32320404052734375 1.6732070446014404297 1.818674921989440918 1.5576102733612060547 1.5932604074478149414 1.760794520378112793 1.5769759416580200195 1.5717679262161254883 1.6101541519165039063 1.6117876768112182617 1.6946990489959716797 1.6146833896636962891 1.501219630241394043 1.3433756828308105469 1.4845037460327148438 1.3363472223281860352 1.4207819700241088867 1.5372720956802368164 1.5527682304382324219 1.4282401800155639648 1.5383036136627197266 1.6723639965057373047 1.4411108493804931641 1.5207861661911010742 1.9625746011734008789 1.5004557371139526367 1.4330348968505859375 1.4006915092468261719 1.5227565765380859375 1.5315304994583129883 1.4464476108551025391 1.4479545354843139648 1.6591813564300537109 1.6221944093704223633 1.6740477085113525391 1.4031898975372314453 1.2508482933044433594 1.4184912443161010742 1.5262825489044189453
1.5131764411926269531 1.4808919429779052734 1.3122758865356445313 1.6992142200469970703 1.7249026298522949219 1.5162119865417480469 1.3643805980682373047 1.5350477695465087891 1.7882566452026367188 1.8859040737152099609 1.6908870935440063477 1.8074960708618164063 1.6781721115112304688 1.3903228044509887695 1.3471255302429199219 1.3882439136505126953 1.5935242176055908203 1.4068886041641235352 1.6650216579437255859 1.3715783357620239258 1.4592702388763427734 1.3780474662780761719 1.5868756771087646484 1.7622282505035400391 1.5516539812088012695 1.8973668813705444336 1.8234345912933349609 1.3711895942687988281 1.2808504104614257813 1.4911937713623046875 1.3127259016036987305 1.4148221015930175781 1.5825408697128295898 1.601313471794128418 1.5459810495376586914 1.3555812835693359375 1.6139007806777954102 1.5778138637542724609 1.423249363899230957 1.3903176784515380859
