inst/extdata/vignette-results/all_comb/rep_1/single.surface/continuous.asc
ncols        50
nrows        50
xllcorner    0.000000000000
yllcorner    0.000000000000
cellsize     0.500000000000
NODATA_value nan
[rows 0 to 18 of 50, columns 0 to 42 of 50]
452.00128173828125 392.492889404296875 418.743682861328125 307.257232666015625 348.629058837890625 347.109375 467.8524169921875 478.715911865234375 415.566314697265625 451.68951416015625 422.68463134765625 409.655609130859375 436.064117431640625 461.3099365234375 442.742401123046875 489.348907470703125 444.29962158203125 431.2022705078125 428.326690673828125 293.715301513671875 408.96240234375 364.368743896484375 324.471343994140625 242.0220184326171875 419.976470947265625 435.49249267578125 384.691741943359375 261.34771728515625 401.28619384765625 293.767333984375 344.583404541015625 416.939208984375 408.60565185546875 329.260711669921875 333.67919921875 324.15484619140625 347.980865478515625 372.049896240234375 377.222747802734375 381.309661865234375 445.525787353515625 409.496734619140625 472.52374267578125
309.939056396484375 353.864410400390625 359.43597412109375 307.991943359375 350.118988037109375 350.73712158203125 421.273223876953125 477.5860595703125 454.5677490234375 495.268310546875 463.13873291015625 471.754119873046875 400.653228759765625 263.527740478515625 401.120819091796875 424.132659912109375 426.9034423828125 301.707122802734375 374.098358154296875 454.10015869140625 450.758331298828125 419.872894287109375 344.715087890625 380.32257080078125 362.085113525390625 387.284027099609375 171.6427764892578125 267.22283935546875 269.241180419921875 284.240509033203125 257.1917724609375 265.41351318359375 332.4471435546875 276.040863037109375 201.2651214599609375 231.194610595703125 295.92364501953125 369.748382568359375 412.9820556640625 392.452178955078125 429.929718017578125 508.319366455078125 465.87591552734375
298.3956298828125 341.081573486328125 374.99090576171875 384.494873046875 283.760345458984375 423.119537353515625 485.84442138671875 469.00762939453125 492.081817626953125 507.735931396484375 427.071807861328125 404.865814208984375 373.602081298828125 324.924163818359375 451.1011962890625 348.138702392578125 271.15093994140625 378.16021728515625 441.35595703125 444.27545166015625 424.780303955078125 426.6466064453125 440.4013671875 374.22576904296875 441.664215087890625 388.56549072265625 386.20831298828125 361.52001953125 393.83905029296875 367.505157470703125 274.739227294921875 276.66326904296875 262.0887451171875 243.69500732421875 297.198638916015625 296.068389892578125 293.980072021484375 377.546783447265625 498.61895751953125 470.336944580078125 356.584716796875 371.985321044921875 460.458526611328125
276.51483154296875 369.959228515625 431.9908447265625 431.036895751953125 381.779052734375 377.7486572265625 423.182647705078125 452.166351318359375 388.536590576171875 468.981964111328125 477.171356201171875 417.34259033203125 405.615325927734375 377.107757568359375 403.23114013671875 344.459869384765625 398.137359619140625 421.630462646484375 487.073577880859375 411.60906982421875 357.935028076171875 321.80340576171875 350.889068603515625 395.967803955078125 427.076751708984375 402.679840087890625 326.33544921875 277.445281982421875 292.694854736328125 278.591644287109375 265.126708984375 204.4573516845703125 186.253936767578125 72.01937103271484375 180.525909423828125 340.162139892578125 395.3494873046875 384.709808349609375 412.927215576171875 470.14215087890625 404.721923828125 384.74786376953125 307.187225341796875
362.635528564453125 445.141021728515625 433.857452392578125 463.170867919921875 439.18206787109375 398.268402099609375 400.18914794921875 467.291717529296875 437.6416015625 424.902099609375 418.009857177734375 478.33953857421875 432.608673095703125 443.5113525390625 412.044403076171875 433.37548828125 417.25946044921875 444.360931396484375 433.822479248046875 419.468536376953125 422.14215087890625 190.730560302734375 350.70745849609375 421.77960205078125 455.429962158203125 434.611968994140625 341.699371337890625 360.15753173828125 365.255126953125 369.861541748046875 325.616729736328125 202.873016357421875 99.0235748291015625 214.685089111328125 234.30474853515625 201.212554931640625 443.29632568359375 465.391448974609375 457.51116943359375 357.2481689453125 343.304412841796875 265.0164794921875 237.4055938720703125
430.509613037109375 465.43218994140625 457.183441162109375 463.572845458984375 410.172119140625 450.893096923828125 402.547393798828125 405.91204833984375 405.6453857421875 455.462982177734375 403.156524658203125 402.678924560546875 380.255950927734375 450.947113037109375 446.023956298828125 418.12054443359375 475.681396484375 493.777557373046875 444.343017578125 432.25299072265625 313.47711181640625 292.9827880859375 437.402740478515625 439.8358154296875 389.802276611328125 432.219635009765625 398.135528564453125 327.608856201171875 245.0667266845703125 387.071502685546875 356.59613037109375 339.275421142578125 237.2340850830078125 310.702362060546875 128.426116943359375 340.159088134765625 332.09539794921875 400.25079345703125 385.780548095703125 256.449462890625 255.1217041015625 320.221832275390625 305.046173095703125
365.993988037109375 400.0206298828125 415.624664306640625 405.91546630859375 397.31732177734375 381.23974609375 495.72930908203125 466.7916259765625 485.40814208984375 429.2294921875 449.9993896484375 466.542938232421875 405.6861572265625 476.7525634765625 466.62872314453125 451.3782958984375 453.131134033203125 473.66754150390625 463.107696533203125 439.510772705078125 405.90631103515625 430.087493896484375 462.08599853515625 471.2620849609375 407.897186279296875 434.383819580078125 422.21221923828125 339.19683837890625 184.8259124755859375 251.8777618408203125 341.676177978515625 346.485870361328125 359.089324951171875 328.732330322265625 1 306.702545166015625 406.521759033203125 280.334014892578125 184.320343017578125 333.33453369140625 366.035430908203125 321.84954833984375 240.2068939208984375
273.719818115234375 477.626617431640625 420.130340576171875 307.542236328125 401.600311279296875 434.587982177734375 467.115875244140625 447.307647705078125 477.13372802734375 471.4490966796875 437.241424560546875 463.068878173828125 476.821136474609375 436.95733642578125 473.12274169921875 471.56488037109375 466.615966796875 397.699371337890625 479.02215576171875 408.7479248046875 404.78656005859375 437.525390625 454.1737060546875 407.9237060546875 451.554290771484375 404.0089111328125 395.77734375 438.5745849609375 309.655120849609375 381.04986572265625 413.335174560546875 362.048553466796875 376.279296875 243.802032470703125 371.7803955078125 398.068389892578125 377.3424072265625 298.666473388671875 285.95269775390625 411.65234375 342.582733154296875 254.01556396484375 330.81146240234375
422.097137451171875 382.548370361328125 394.044586181640625 308.75811767578125 437.9886474609375 489.5792236328125 495.72467041015625 453.92742919921875 474.57025146484375 505.561920166015625 419.919830322265625 516.733642578125 512.84698486328125 435.310791015625 395.008514404296875 405.7008056640625 452.797637939453125 429.4775390625 418.106597900390625 400.43975830078125 393.18170166015625 418.80987548828125 430.40081787109375 390.454559326171875 377.40203857421875 358.670013427734375 427.33782958984375 377.570709228515625 312.427886962890625 426.412109375 421.4832763671875 423.082763671875 339.371429443359375 250.4594879150390625 298.01837158203125 405.89385986328125 434.22833251953125 317.888214111328125 330.745208740234375 335.172943115234375 359.267303466796875 401.022735595703125 331.056396484375
340.453277587890625 338.50103759765625 313.933929443359375 378.372100830078125 431.576568603515625 474.856048583984375 439.266387939453125 416.460693359375 425.2584228515625 480.66326904296875 462.631622314453125 444.3074951171875 374.594390869140625 415.234283447265625 352.238250732421875 363.81475830078125 341.573394775390625 395.498016357421875 338.2615966796875 302.434600830078125 448.44122314453125 417.607177734375 429.779815673828125 377.035430908203125 310.71160888671875 415.52288818359375 414.937835693359375 473.691314697265625 432.12969970703125 416.5054931640625 446.7626953125 474.245758056640625 464.486175537109375 454.63018798828125 406.58349609375 370.58447265625 323.877288818359375 413.63690185546875 335.5411376953125 365.830902099609375 355.329010009765625 437.241180419921875 452.79766845703125
317.525421142578125 85.94150543212890625 209.955657958984375 382.8780517578125 474.094482421875 414.436920166015625 488.41253662109375 470.619354248046875 420.926116943359375 462.13726806640625 399.80963134765625 412.414581298828125 321.23211669921875 376.09344482421875 423.463775634765625 379.996490478515625 417.71160888671875 393.378692626953125 422.693634033203125 344.99798583984375 458.81060791015625 423.864288330078125 355.908203125 404.479583740234375 370.3355712890625 467.32452392578125 464.754119873046875 443.43243408203125 432.378692626953125 361.008544921875 476.8233642578125 453.4278564453125 424.505706787109375 428.145843505859375 484.186431884765625 373.488067626953125 454.495452880859375 459.093170166015625 430.351806640625 464.893035888671875 271.45538330078125 431.80731201171875 461.9462890625
278.036834716796875 185.6493072509765625 305.64141845703125 431.75665283203125 402.003204345703125 413.224884033203125 485.23638916015625 471.495025634765625 427.5167236328125 340.339202880859375 385.3612060546875 265.908172607421875 124.89640045166015625 351.755523681640625 355.838104248046875 405.85125732421875 350.0435791015625 407.902618408203125 407.74273681640625 431.12158203125 396.055755615234375 466.21356201171875 410.980438232421875 333.987213134765625 255.000946044921875 337.44976806640625 243.5739898681640625 435.148895263671875 444.156219482421875 409.70843505859375 488.180328369140625 501.685302734375 477.276763916015625 444.424163818359375 438.840789794921875 429.65167236328125 361.860992431640625 487.066650390625 435.01910400390625 345.13873291015625 376.842926025390625 463.4632568359375 418.54327392578125
408.810638427734375 322.615814208984375 369.138824462890625 414.057647705078125 339.568603515625 432.104339599609375 494.48345947265625 508.169403076171875 421.02960205078125 324.95111083984375 305.392425537109375 118.7342681884765625 291.801910400390625 328.94818115234375 398.6639404296875 374.89764404296875 352.0224609375 414.41448974609375 408.986114501953125 382.442047119140625 434.534820556640625 379.34686279296875 345.301971435546875 239.9385986328125 314.353057861328125 383.275665283203125 177.83245849609375 424.604888916015625 498.015869140625 466.294647216796875 483.165771484375 500.786834716796875 489.694854736328125 449.671051025390625 390.745758056640625 419.11651611328125 432.243194580078125 387.751708984375 462.02093505859375 387.47882080078125 447.625457763671875 473.939849853515625 436.1517333984375
442.1632080078125 347.934234619140625 313.314483642578125 416.31304931640625 431.14068603515625 444.356048583984375 482.479461669921875 495.369964599609375 458.896453857421875 359.72210693359375 250.083221435546875 244.699493408203125 212.6386260986328125 253.93695068359375 359.36444091796875 297.119140625 369.32025146484375 445.127105712890625 378.138275146484375 442.548004150390625 241.5738983154296875 382.71728515625 442.054656982421875 339.116851806640625 399.568145751953125 336.990386962890625 412.106201171875 447.201873779296875 484.4383544921875 449.285247802734375 482.10888671875 473.18792724609375 372.97137451171875 411.22509765625 385.03662109375 418.08489990234375 419.279327392578125 380.613800048828125 393.2735595703125 381.684600830078125 404.36273193359375 391.37091064453125 384.29693603515625
347.9278564453125 324.755523681640625 317.138153076171875 312.842132568359375 358.9482421875 375.74969482421875 429.78570556640625 389.00030517578125 362.170806884765625 347.3604736328125 355.71575927734375 228.4070892333984375 140.62420654296875 321.052581787109375 397.7740478515625 367.279327392578125 284.766204833984375 369.97943115234375 405.21759033203125 350.52667236328125 324.957672119140625 65.45009613037109375 416.254058837890625 449.37738037109375 455.247802734375 349.0350341796875 449.83966064453125 380.058837890625 477.738311767578125 351.23944091796875 382.547515869140625 259.403839111328125 255.42822265625 191.5374908447265625 327.74737548828125 341.7542724609375 436.492706298828125 305.960205078125 204.7917938232421875 409.443389892578125 382.2132568359375 274.7120361328125 364.314056396484375
374.536102294921875 382.796051025390625 341.2593994140625 305.491668701171875 364.370452880859375 394.597747802734375 491.904541015625 378.932220458984375 339.15625 334.776123046875 323.830108642578125 167.09210205078125 282.3658447265625 376.7567138671875 461.634521484375 436.92425537109375 348.6236572265625 323.53118896484375 349.97601318359375 446.527435302734375 436.77886962890625 431.7598876953125 435.135223388671875 380.689300537109375 497.190032958984375 407.68597412109375 452.228515625 354.22802734375 417.494659423828125 457.197265625 332.5595703125 263.43280029296875 349.517364501953125 325.69451904296875 282.3453369140625 346.97723388671875 376.631011962890625 347.582733154296875 424.923980712890625 392.14776611328125 324.967254638671875 281.078704833984375 243.7946014404296875
344.833526611328125 360.58892822265625 411.421478271484375 227.8408050537109375 376.175048828125 465.425323486328125 479.503448486328125 376.467376708984375 329.37982177734375 280.274505615234375 292.99639892578125 291.604949951171875 308.9312744140625 360.196441650390625 312.968994140625 387.9813232421875 334.85699462890625 293.62884521484375 400.7056884765625 419.04931640625 453.359222412109375 382.02301025390625 382.421630859375 442.078399658203125 421.516143798828125 442.350555419921875 414.059722900390625 403.439849853515625 395.0477294921875 355.92218017578125 367.845611572265625 377.811859130859375 363.75299072265625 373.9010009765625 416.40228271484375 415.715484619140625 450.333984375 438.83599853515625 440.6673583984375 414.3594970703125 347.83953857421875 355.414947509765625 419.142730712890625
400.289794921875 343.7921142578125 400.1837158203125 374.69024658203125 428.272369384765625 466.119232177734375 416.624847412109375 439.77496337890625 413.611053466796875 335.7554931640625 303.63739013671875 453.2926025390625 361.840850830078125 404.851776123046875 395.088531494140625 364.360260009765625 316.400238037109375 295.89996337890625 416.881256103515625 410.194244384765625 381.554443359375 366.266815185546875 405.5321044921875 400.34149169921875 404.31890869140625 340.886962890625 379.033843994140625 398.43841552734375 346.986785888671875 461.04638671875 397.28125 319.292572021484375 431.0537109375 393.8621826171875 303.3870849609375 371.918975830078125 428.116302490234375 445.104705810546875 454.197265625 425.422515869140625 341.89813232421875 375.757598876953125 379.737060546875
403.773895263671875 336.44232177734375 392.71807861328125 300.888641357421875 337.175689697265625 411.658050537109375 451.883758544921875 368.864227294921875 318.10516357421875 314.271636962890625 362.279937744140625 458.439788818359375 388.46856689453125 375.4227294921875 417.058441162109375 317.300384521484375 390.906585693359375 439.728363037109375 436.328460693359375 482.89593505859375 428.353851318359375 449.937530517578125 481.585906982421875 425.7808837890625 356.532867431640625 352.548248291015625 305.376922607421875 419.453399658203125 250.8854522705078125 401.1513671875 372.83929443359375 395.327301025390625 415.831268310546875 408.4248046875 402.023193359375 343.3563232421875 420.552093505859375 438.66754150390625 416.77679443359375 376.899078369140625 316.130584716796875 448.514495849609375 439.760711669921875
